10000
-10000
-9999
-9998
-9995
-9994
-9992
-9990
-9989
-9988
-9987
-9986
-9980
-9979
-9976
-9975
-9974
-9973
-9972
-9969
-9968
-9966
-9965
-9962
-9957
-9954
-9952
-9946
-9945
-9944
-9943
-9942
-9941
-9940
-9939
-9938
-9936
-9935
-9934
-9930
-9929
-9927
-9926
-9925
-9924
-9923
-9922
-9921
-9920
-9919
-9918
-9917
-9916
-9915
-9913
-9911
-9909
-9906
-9903
-9901
-9900
-9899
-9894
-9893
-9892
-9889
-9888
-9887
-9886
-9884
-9883
-9881
-9880
-9879
-9877
-9874
-9872
-9867
-9864
-9863
-9862
-9860
-9858
-9856
-9852
-9851
-9849
-9848
-9847
-9846
-9845
-9844
-9843
-9841
-9840
-9838
-9835
-9834
-9833
-9830
-9826
-9825
-9822
-9820
-9819
-9817
-9816
-9814
-9810
-9808
-9807
-9805
-9803
-9802
-9801
-9800
-9799
-9795
-9790
-9789
-9788
-9786
-9782
-9781
-9780
-9779
-9777
-9770
-9768
-9767
-9762
-9758
-9754
-9753
-9752
-9751
-9749
-9746
-9745
-9742
-9738
-9735
-9734
-9732
-9730
-9728
-9727
-9725
-9724
-9723
-9715
-9713
-9711
-9710
-9707
-9705
-9704
-9703
-9702
-9700
-9698
-9696
-9694
-9692
-9691
-9690
-9689
-9688
-9684
-9681
-9680
-9678
-9675
-9673
-9671
-9670
-9669
-9667
-9666
-9665
-9663
-9657
-9656
-9655
-9652
-9651
-9648
-9647
-9645
-9642
-9641
-9640
-9638
-9635
-9632
-9631
-9627
-9626
-9625
-9623
-9620
-9618
-9617
-9614
-9611
-9610
-9608
-9605
-9603
-9601
-9600
-9598
-9597
-9591
-9590
-9588
-9585
-9584
-9579
-9577
-9576
-9575
-9572
-9568
-9567
-9565
-9563
-9556
-9555
-9554
-9553
-9551
-9549
-9548
-9547
-9545
-9542
-9541
-9540
-9539
-9538
-9533
-9530
-9529
-9527
-9524
-9522
-9521
-9520
-9519
-9517
-9516
-9515
-9514
-9510
-9509
-9507
-9506
-9505
-9500
-9499
-9497
-9496
-9495
-9494
-9489
-9488
-9485
-9484
-9483
-9481
-9480
-9477
-9475
-9474
-9473
-9472
-9471
-9470
-9468
-9466
-9464
-9462
-9461
-9460
-9458
-9454
-9451
-9450
-9448
-9446
-9445
-9444
-9442
-9441
-9438
-9436
-9435
-9433
-9432
-9429
-9426
-9421
-9419
-9418
-9416
-9414
-9413
-9410
-9402
-9399
-9398
-9397
-9392
-9388
-9387
-9386
-9384
-9383
-9381
-9376
-9375
-9372
-9366
-9364
-9362
-9361
-9357
-9356
-9355
-9354
-9351
-9350
-9346
-9345
-9344
-9338
-9336
-9334
-9331
-9330
-9328
-9327
-9325
-9324
-9323
-9322
-9320
-9319
-9318
-9315
-9311
-9309
-9308
-9304
-9302
-9298
-9296
-9290
-9289
-9288
-9287
-9284
-9283
-9282
-9281
-9279
-9276
-9275
-9273
-9272
-9271
-9270
-9268
-9267
-9266
-9265
-9261
-9260
-9259
-9256
-9253
-9250
-9247
-9245
-9242
-9241
-9237
-9235
-9231
-9230
-9228
-9227
-9224
-9223
-9221
-9220
-9219
-9217
-9213
-9205
-9204
-9202
-9197
-9196
-9195
-9194
-9193
-9192
-9190
-9188
-9185
-9182
-9181
-9180
-9179
-9174
-9172
-9167
-9166
-9165
-9164
-9161
-9160
-9156
-9153
-9151
-9147
-9145
-9144
-9143
-9141
-9140
-9136
-9134
-9132
-9127
-9126
-9124
-9123
-9122
-9121
-9120
-9119
-9117
-9116
-9115
-9114
-9113
-9112
-9111
-9110
-9107
-9106
-9105
-9100
-9099
-9098
-9095
-9094
-9093
-9091
-9090
-9089
-9088
-9087
-9086
-9085
-9083
-9081
-9078
-9075
-9074
-9071
-9070
-9067
-9066
-9063
-9062
-9059
-9058
-9057
-9056
-9053
-9050
-9049
-9045
-9043
-9042
-9040
-9037
-9036
-9035
-9030
-9027
-9026
-9024
-9023
-9022
-9021
-9020
-9019
-9017
-9016
-9015
-9010
-9009
-9008
-9007
-9002
-9001
-9000
-8994
-8986
-8985
-8984
-8979
-8977
-8976
-8975
-8973
-8971
-8969
-8968
-8967
-8965
-8962
-8960
-8959
-8957
-8954
-8952
-8948
-8946
-8945
-8943
-8942
-8940
-8937
-8936
-8934
-8929
-8928
-8927
-8926
-8924
-8923
-8922
-8919
-8915
-8913
-8912
-8909
-8906
-8904
-8903
-8901
-8900
-8897
-8894
-8892
-8888
-8887
-8884
-8880
-8879
-8878
-8877
-8871
-8868
-8866
-8865
-8864
-8863
-8862
-8861
-8857
-8856
-8854
-8851
-8850
-8849
-8847
-8846
-8844
-8843
-8841
-8840
-8837
-8835
-8834
-8833
-8832
-8830
-8829
-8828
-8827
-8824
-8823
-8822
-8821
-8820
-8819
-8818
-8817
-8816
-8815
-8810
-8809
-8808
-8803
-8802
-8800
-8799
-8798
-8797
-8795
-8794
-8793
-8790
-8789
-8788
-8787
-8786
-8783
-8781
-8780
-8777
-8776
-8774
-8772
-8771
-8768
-8767
-8764
-8759
-8758
-8757
-8755
-8753
-8752
-8750
-8748
-8746
-8745
-8743
-8740
-8732
-8731
-8730
-8729
-8728
-8727
-8726
-8724
-8723
-8722
-8721
-8719
-8717
-8716
-8714
-8713
-8711
-8710
-8709
-8705
-8703
-8702
-8701
-8699
-8697
-8695
-8694
-8692
-8691
-8689
-8688
-8687
-8686
-8683
-8682
-8679
-8677
-8676
-8675
-8673
-8672
-8670
-8667
-8666
-8665
-8664
-8663
-8661
-8659
-8657
-8655
-8652
-8651
-8649
-8648
-8647
-8646
-8645
-8644
-8642
-8639
-8632
-8628
-8626
-8618
-8613
-8608
-8606
-8605
-8604
-8603
-8602
-8601
-8600
-8599
-8595
-8594
-8592
-8590
-8589
-8588
-8587
-8586
-8584
-8583
-8582
-8580
-8578
-8576
-8574
-8572
-8571
-8570
-8567
-8566
-8564
-8563
-8562
-8561
-8560
-8558
-8555
-8554
-8553
-8551
-8550
-8548
-8547
-8543
-8542
-8539
-8536
-8531
-8527
-8526
-8525
-8524
-8518
-8517
-8516
-8514
-8512
-8507
-8505
-8503
-8502
-8501
-8500
-8498
-8496
-8494
-8488
-8486
-8485
-8483
-8480
-8479
-8478
-8477
-8476
-8473
-8467
-8466
-8465
-8464
-8462
-8459
-8458
-8456
-8450
-8449
-8447
-8444
-8442
-8441
-8438
-8436
-8435
-8433
-8432
-8431
-8429
-8428
-8426
-8425
-8424
-8423
-8422
-8421
-8420
-8417
-8414
-8413
-8411
-8410
-8409
-8408
-8406
-8405
-8401
-8399
-8398
-8394
-8392
-8388
-8387
-8386
-8385
-8382
-8381
-8379
-8378
-8377
-8376
-8372
-8369
-8368
-8365
-8362
-8360
-8359
-8354
-8353
-8352
-8347
-8343
-8341
-8340
-8334
-8332
-8331
-8329
-8328
-8325
-8324
-8323
-8319
-8315
-8314
-8313
-8312
-8311
-8309
-8307
-8306
-8305
-8302
-8301
-8298
-8297
-8295
-8292
-8288
-8287
-8285
-8284
-8282
-8281
-8280
-8278
-8276
-8273
-8271
-8270
-8269
-8268
-8267
-8266
-8265
-8263
-8262
-8260
-8258
-8257
-8252
-8251
-8246
-8243
-8240
-8237
-8236
-8235
-8233
-8231
-8229
-8224
-8223
-8221
-8219
-8218
-8212
-8208
-8207
-8206
-8205
-8203
-8202
-8201
-8200
-8197
-8195
-8192
-8191
-8190
-8187
-8186
-8185
-8180
-8179
-8177
-8176
-8174
-8172
-8168
-8167
-8166
-8165
-8164
-8159
-8158
-8157
-8153
-8151
-8150
-8147
-8144
-8142
-8141
-8140
-8138
-8136
-8133
-8130
-8129
-8128
-8127
-8126
-8125
-8124
-8123
-8122
-8117
-8116
-8115
-8114
-8113
-8111
-8110
-8108
-8106
-8105
-8103
-8102
-8099
-8098
-8094
-8093
-8090
-8089
-8088
-8083
-8081
-8080
-8078
-8077
-8075
-8072
-8071
-8070
-8069
-8067
-8066
-8065
-8064
-8063
-8059
-8058
-8057
-8056
-8055
-8053
-8052
-8051
-8049
-8045
-8044
-8040
-8038
-8035
-8033
-8032
-8026
-8025
-8024
-8023
-8022
-8018
-8017
-8016
-8015
-8013
-8011
-8010
-8009
-8008
-8004
-7998
-7997
-7994
-7993
-7992
-7991
-7987
-7980
-7978
-7976
-7975
-7974
-7973
-7971
-7968
-7966
-7965
-7964
-7963
-7962
-7961
-7954
-7953
-7952
-7951
-7949
-7946
-7944
-7943
-7942
-7941
-7939
-7933
-7932
-7929
-7928
-7927
-7926
-7923
-7922
-7921
-7920
-7918
-7915
-7914
-7913
-7912
-7911
-7910
-7908
-7906
-7905
-7903
-7899
-7893
-7890
-7889
-7888
-7887
-7886
-7884
-7883
-7878
-7877
-7876
-7875
-7873
-7872
-7869
-7866
-7865
-7863
-7862
-7861
-7857
-7855
-7853
-7852
-7847
-7845
-7844
-7841
-7840
-7839
-7837
-7836
-7834
-7832
-7829
-7828
-7827
-7826
-7825
-7823
-7822
-7819
-7817
-7816
-7814
-7812
-7811
-7810
-7807
-7806
-7803
-7802
-7799
-7794
-7793
-7790
-7788
-7786
-7782
-7780
-7776
-7775
-7767
-7762
-7761
-7759
-7758
-7757
-7756
-7755
-7754
-7751
-7750
-7749
-7747
-7745
-7743
-7742
-7741
-7739
-7738
-7737
-7735
-7733
-7731
-7727
-7726
-7721
-7720
-7719
-7717
-7715
-7712
-7711
-7710
-7705
-7703
-7701
-7700
-7699
-7698
-7697
-7696
-7691
-7690
-7687
-7683
-7682
-7680
-7679
-7678
-7676
-7674
-7672
-7671
-7670
-7669
-7666
-7664
-7663
-7658
-7657
-7656
-7655
-7653
-7652
-7648
-7644
-7643
-7640
-7639
-7634
-7633
-7632
-7629
-7628
-7626
-7625
-7621
-7619
-7618
-7616
-7613
-7611
-7609
-7607
-7605
-7604
-7603
-7602
-7601
-7597
-7594
-7593
-7592
-7585
-7581
-7580
-7578
-7577
-7576
-7575
-7574
-7572
-7570
-7566
-7565
-7563
-7562
-7559
-7557
-7554
-7552
-7551
-7550
-7545
-7544
-7541
-7539
-7537
-7536
-7534
-7533
-7532
-7531
-7530
-7529
-7526
-7522
-7521
-7520
-7518
-7516
-7514
-7513
-7511
-7510
-7509
-7507
-7502
-7501
-7500
-7499
-7498
-7496
-7492
-7491
-7490
-7488
-7483
-7481
-7480
-7477
-7476
-7475
-7472
-7471
-7470
-7468
-7466
-7465
-7464
-7463
-7462
-7457
-7454
-7453
-7452
-7447
-7444
-7443
-7442
-7441
-7440
-7437
-7436
-7435
-7434
-7433
-7430
-7429
-7427
-7418
-7415
-7410
-7408
-7405
-7403
-7401
-7399
-7398
-7397
-7396
-7392
-7388
-7387
-7385
-7384
-7382
-7381
-7380
-7379
-7378
-7376
-7374
-7372
-7370
-7366
-7364
-7362
-7357
-7355
-7351
-7347
-7346
-7344
-7343
-7341
-7336
-7335
-7333
-7332
-7326
-7325
-7324
-7322
-7321
-7318
-7316
-7315
-7307
-7305
-7304
-7301
-7300
-7296
-7293
-7291
-7290
-7285
-7277
-7275
-7271
-7268
-7267
-7266
-7264
-7262
-7261
-7260
-7259
-7258
-7257
-7255
-7254
-7253
-7250
-7249
-7248
-7246
-7245
-7244
-7243
-7242
-7241
-7240
-7235
-7233
-7232
-7231
-7227
-7221
-7217
-7216
-7215
-7213
-7212
-7209
-7208
-7207
-7206
-7205
-7203
-7200
-7199
-7198
-7196
-7194
-7193
-7190
-7188
-7185
-7184
-7183
-7182
-7181
-7180
-7175
-7174
-7172
-7171
-7168
-7167
-7166
-7165
-7164
-7160
-7159
-7158
-7157
-7155
-7154
-7153
-7152
-7149
-7148
-7145
-7144
-7139
-7138
-7137
-7135
-7133
-7129
-7127
-7125
-7124
-7123
-7122
-7120
-7119
-7118
-7117
-7115
-7113
-7106
-7105
-7102
-7101
-7099
-7098
-7097
-7095
-7094
-7090
-7088
-7084
-7082
-7078
-7076
-7075
-7073
-7072
-7071
-7070
-7069
-7066
-7062
-7061
-7059
-7057
-7054
-7053
-7052
-7050
-7047
-7046
-7045
-7044
-7042
-7041
-7039
-7038
-7037
-7036
-7035
-7033
-7032
-7029
-7024
-7022
-7021
-7019
-7018
-7017
-7016
-7013
-7010
-7007
-7006
-7005
-7004
-7003
-7002
-7000
-6999
-6991
-6990
-6988
-6985
-6984
-6983
-6979
-6977
-6975
-6974
-6973
-6972
-6968
-6966
-6964
-6963
-6962
-6961
-6953
-6952
-6951
-6949
-6944
-6943
-6942
-6941
-6940
-6939
-6938
-6935
-6934
-6933
-6932
-6930
-6929
-6925
-6924
-6922
-6920
-6919
-6913
-6911
-6910
-6909
-6908
-6907
-6905
-6904
-6903
-6902
-6900
-6898
-6897
-6895
-6892
-6890
-6889
-6887
-6883
-6881
-6876
-6873
-6870
-6868
-6863
-6862
-6858
-6855
-6854
-6853
-6851
-6847
-6845
-6844
-6842
-6840
-6837
-6836
-6832
-6831
-6829
-6828
-6827
-6826
-6823
-6820
-6819
-6816
-6814
-6811
-6807
-6803
-6799
-6797
-6796
-6790
-6788
-6786
-6783
-6782
-6780
-6776
-6774
-6773
-6772
-6771
-6767
-6765
-6764
-6763
-6759
-6757
-6756
-6755
-6754
-6753
-6751
-6747
-6745
-6744
-6743
-6742
-6740
-6739
-6738
-6736
-6735
-6733
-6731
-6728
-6726
-6723
-6720
-6719
-6715
-6711
-6710
-6709
-6708
-6706
-6703
-6701
-6700
-6698
-6694
-6693
-6692
-6690
-6689
-6688
-6686
-6682
-6678
-6677
-6674
-6673
-6671
-6666
-6664
-6663
-6658
-6654
-6651
-6650
-6649
-6642
-6641
-6640
-6639
-6638
-6637
-6635
-6634
-6633
-6631
-6630
-6629
-6623
-6618
-6616
-6613
-6612
-6610
-6609
-6605
-6602
-6601
-6599
-6598
-6596
-6595
-6593
-6592
-6586
-6585
-6582
-6581
-6579
-6578
-6577
-6576
-6575
-6572
-6569
-6568
-6565
-6563
-6560
-6558
-6557
-6556
-6553
-6552
-6548
-6544
-6542
-6540
-6538
-6537
-6536
-6535
-6533
-6532
-6529
-6528
-6527
-6526
-6520
-6517
-6514
-6513
-6512
-6511
-6507
-6506
-6504
-6502
-6501
-6500
-6499
-6497
-6496
-6495
-6491
-6490
-6488
-6487
-6484
-6483
-6482
-6480
-6478
-6475
-6474
-6473
-6470
-6467
-6463
-6461
-6458
-6456
-6455
-6452
-6449
-6447
-6446
-6443
-6442
-6441
-6440
-6439
-6438
-6437
-6436
-6435
-6434
-6433
-6431
-6430
-6429
-6426
-6425
-6422
-6421
-6420
-6419
-6416
-6415
-6414
-6413
-6412
-6411
-6410
-6408
-6407
-6405
-6404
-6402
-6401
-6400
-6399
-6397
-6396
-6393
-6392
-6390
-6389
-6388
-6387
-6386
-6385
-6382
-6378
-6373
-6372
-6371
-6368
-6367
-6365
-6364
-6359
-6349
-6347
-6345
-6344
-6341
-6340
-6331
-6328
-6327
-6326
-6324
-6322
-6317
-6316
-6315
-6314
-6312
-6310
-6309
-6308
-6306
-6305
-6304
-6302
-6301
-6300
-6297
-6294
-6293
-6282
-6281
-6280
-6278
-6277
-6272
-6268
-6266
-6265
-6264
-6261
-6260
-6259
-6255
-6254
-6252
-6249
-6245
-6243
-6241
-6240
-6238
-6237
-6236
-6234
-6232
-6229
-6227
-6226
-6225
-6222
-6221
-6220
-6219
-6211
-6209
-6208
-6201
-6200
-6196
-6195
-6194
-6193
-6191
-6189
-6188
-6187
-6186
-6185
-6184
-6183
-6181
-6176
-6175
-6174
-6167
-6160
-6156
-6155
-6153
-6152
-6151
-6149
-6148
-6145
-6144
-6142
-6140
-6139
-6138
-6137
-6136
-6135
-6134
-6133
-6132
-6130
-6128
-6127
-6126
-6122
-6118
-6115
-6111
-6110
-6109
-6108
-6106
-6101
-6100
-6099
-6098
-6097
-6096
-6095
-6094
-6092
-6091
-6089
-6086
-6085
-6082
-6079
-6078
-6074
-6073
-6071
-6070
-6069
-6067
-6066
-6064
-6063
-6062
-6061
-6060
-6059
-6057
-6056
-6054
-6051
-6050
-6049
-6047
-6044
-6040
-6033
-6032
-6029
-6022
-6017
-6014
-6009
-6008
-6007
-6006
-6002
-5997
-5996
-5994
-5992
-5991
-5989
-5987
-5986
-5984
-5983
-5982
-5979
-5978
-5976
-5974
-5973
-5970
-5969
-5968
-5967
-5964
-5957
-5954
-5953
-5951
-5949
-5948
-5945
-5944
-5943
-5942
-5941
-5938
-5936
-5935
-5934
-5933
-5932
-5931
-5930
-5929
-5926
-5925
-5922
-5918
-5916
-5915
-5913
-5912
-5908
-5907
-5906
-5903
-5902
-5900
-5897
-5896
-5893
-5891
-5887
-5886
-5885
-5881
-5880
-5879
-5877
-5875
-5874
-5873
-5872
-5871
-5870
-5869
-5867
-5866
-5864
-5860
-5859
-5858
-5857
-5856
-5854
-5851
-5847
-5846
-5844
-5842
-5839
-5838
-5837
-5834
-5831
-5829
-5827
-5826
-5821
-5818
-5817
-5815
-5814
-5811
-5806
-5800
-5799
-5798
-5797
-5793
-5791
-5790
-5789
-5788
-5783
-5779
-5768
-5767
-5766
-5756
-5755
-5754
-5751
-5749
-5748
-5747
-5746
-5743
-5742
-5741
-5740
-5739
-5737
-5736
-5735
-5734
-5733
-5728
-5727
-5725
-5722
-5719
-5718
-5716
-5706
-5704
-5702
-5698
-5695
-5691
-5690
-5689
-5687
-5685
-5684
-5682
-5681
-5679
-5678
-5677
-5675
-5673
-5672
-5670
-5669
-5668
-5667
-5664
-5661
-5656
-5653
-5652
-5649
-5647
-5642
-5638
-5633
-5630
-5629
-5628
-5627
-5626
-5625
-5622
-5619
-5618
-5616
-5613
-5609
-5604
-5603
-5600
-5598
-5597
-5596
-5594
-5593
-5592
-5591
-5584
-5582
-5581
-5579
-5578
-5577
-5576
-5575
-5571
-5569
-5568
-5564
-5563
-5562
-5559
-5558
-5556
-5555
-5553
-5549
-5547
-5546
-5543
-5541
-5540
-5537
-5536
-5532
-5531
-5529
-5525
-5524
-5521
-5520
-5518
-5517
-5516
-5512
-5510
-5509
-5507
-5503
-5502
-5501
-5498
-5496
-5494
-5493
-5492
-5490
-5488
-5486
-5484
-5483
-5480
-5479
-5478
-5477
-5475
-5474
-5469
-5468
-5466
-5465
-5463
-5462
-5455
-5453
-5452
-5447
-5446
-5444
-5441
-5440
-5439
-5437
-5432
-5430
-5429
-5428
-5427
-5423
-5419
-5417
-5416
-5414
-5413
-5408
-5407
-5406
-5405
-5404
-5403
-5402
-5399
-5397
-5396
-5395
-5393
-5392
-5390
-5389
-5388
-5387
-5386
-5385
-5383
-5376
-5375
-5374
-5370
-5369
-5368
-5367
-5363
-5360
-5359
-5357
-5356
-5354
-5353
-5350
-5349
-5346
-5344
-5343
-5342
-5340
-5338
-5337
-5335
-5333
-5328
-5327
-5326
-5323
-5322
-5321
-5318
-5316
-5315
-5313
-5304
-5301
-5296
-5295
-5292
-5289
-5288
-5287
-5286
-5284
-5282
-5281
-5280
-5278
-5277
-5272
-5270
-5269
-5267
-5266
-5264
-5263
-5261
-5260
-5258
-5255
-5253
-5252
-5249
-5247
-5246
-5244
-5243
-5241
-5239
-5237
-5236
-5235
-5232
-5230
-5229
-5228
-5227
-5224
-5220
-5218
-5216
-5214
-5212
-5211
-5209
-5207
-5205
-5197
-5195
-5193
-5191
-5190
-5187
-5186
-5185
-5184
-5182
-5181
-5180
-5177
-5174
-5173
-5170
-5168
-5166
-5165
-5164
-5161
-5156
-5153
-5151
-5148
-5146
-5145
-5144
-5143
-5141
-5140
-5131
-5130
-5129
-5125
-5122
-5120
-5117
-5116
-5114
-5113
-5112
-5111
-5110
-5107
-5105
-5102
-5101
-5100
-5099
-5098
-5096
-5089
-5088
-5087
-5086
-5084
-5083
-5082
-5079
-5076
-5075
-5073
-5072
-5071
-5068
-5067
-5066
-5064
-5063
-5057
-5055
-5050
-5049
-5046
-5045
-5044
-5041
-5040
-5039
-5036
-5033
-5032
-5031
-5030
-5029
-5024
-5021
-5020
-5017
-5012
-5010
-5006
-5004
-5002
-5001
-5000
-4998
-4997
-4996
-4994
-4990
-4989
-4986
-4983
-4982
-4981
-4980
-4978
-4977
-4976
-4975
-4974
-4973
-4972
-4968
-4967
-4966
-4965
-4961
-4960
-4957
-4955
-4954
-4951
-4945
-4943
-4942
-4941
-4940
-4939
-4937
-4934
-4933
-4930
-4928
-4927
-4926
-4925
-4921
-4920
-4918
-4917
-4914
-4913
-4912
-4911
-4910
-4909
-4908
-4906
-4905
-4904
-4899
-4895
-4894
-4891
-4889
-4887
-4885
-4883
-4882
-4878
-4876
-4875
-4873
-4871
-4868
-4867
-4865
-4864
-4862
-4861
-4860
-4859
-4857
-4856
-4854
-4852
-4850
-4849
-4848
-4847
-4846
-4841
-4840
-4838
-4836
-4835
-4834
-4831
-4827
-4826
-4820
-4818
-4817
-4815
-4814
-4812
-4808
-4805
-4798
-4796
-4795
-4794
-4793
-4787
-4786
-4779
-4778
-4777
-4774
-4773
-4772
-4770
-4768
-4767
-4765
-4764
-4761
-4760
-4754
-4753
-4752
-4749
-4746
-4742
-4741
-4738
-4736
-4734
-4732
-4727
-4722
-4721
-4720
-4719
-4718
-4713
-4710
-4705
-4699
-4698
-4695
-4694
-4693
-4692
-4690
-4688
-4683
-4682
-4681
-4678
-4677
-4673
-4670
-4668
-4665
-4658
-4656
-4652
-4648
-4647
-4643
-4642
-4638
-4635
-4633
-4632
-4631
-4630
-4626
-4622
-4620
-4619
-4616
-4615
-4613
-4612
-4611
-4610
-4605
-4604
-4603
-4602
-4601
-4598
-4594
-4593
-4592
-4590
-4589
-4588
-4586
-4584
-4583
-4581
-4579
-4576
-4575
-4574
-4573
-4572
-4571
-4568
-4567
-4563
-4562
-4559
-4558
-4557
-4555
-4554
-4553
-4552
-4551
-4548
-4547
-4545
-4544
-4543
-4538
-4537
-4524
-4522
-4521
-4520
-4516
-4511
-4507
-4506
-4504
-4503
-4502
-4498
-4497
-4494
-4492
-4490
-4487
-4484
-4476
-4475
-4474
-4473
-4471
-4469
-4467
-4466
-4463
-4462
-4458
-4451
-4448
-4445
-4444
-4443
-4442
-4441
-4439
-4437
-4436
-4430
-4429
-4428
-4425
-4423
-4422
-4420
-4419
-4416
-4415
-4414
-4413
-4412
-4408
-4407
-4406
-4405
-4404
-4403
-4402
-4401
-4400
-4398
-4397
-4395
-4393
-4392
-4390
-4387
-4386
-4385
-4384
-4381
-4378
-4372
-4371
-4369
-4365
-4363
-4361
-4360
-4359
-4355
-4354
-4353
-4351
-4350
-4345
-4344
-4340
-4338
-4336
-4332
-4331
-4329
-4328
-4325
-4324
-4323
-4322
-4320
-4319
-4318
-4315
-4311
-4308
-4305
-4304
-4299
-4295
-4293
-4288
-4277
-4276
-4270
-4269
-4268
-4267
-4262
-4260
-4259
-4258
-4255
-4252
-4250
-4245
-4242
-4241
-4240
-4238
-4237
-4236
-4234
-4233
-4230
-4228
-4227
-4226
-4225
-4224
-4223
-4222
-4219
-4215
-4213
-4212
-4207
-4206
-4205
-4203
-4202
-4201
-4199
-4197
-4194
-4192
-4191
-4188
-4186
-4185
-4182
-4180
-4177
-4176
-4175
-4174
-4172
-4171
-4170
-4169
-4163
-4160
-4159
-4154
-4153
-4152
-4146
-4145
-4143
-4142
-4141
-4139
-4136
-4135
-4132
-4131
-4129
-4124
-4123
-4120
-4118
-4116
-4114
-4113
-4112
-4111
-4109
-4106
-4105
-4100
-4098
-4097
-4095
-4094
-4093
-4090
-4089
-4088
-4086
-4085
-4083
-4082
-4081
-4079
-4078
-4076
-4074
-4073
-4072
-4071
-4069
-4067
-4066
-4064
-4063
-4062
-4061
-4059
-4058
-4056
-4054
-4052
-4051
-4050
-4048
-4045
-4043
-4042
-4041
-4038
-4036
-4035
-4034
-4033
-4032
-4027
-4026
-4022
-4021
-4020
-4019
-4018
-4016
-4015
-4013
-4010
-4007
-4005
-4003
-4002
-3997
-3994
-3993
-3992
-3989
-3988
-3987
-3984
-3983
-3980
-3979
-3978
-3977
-3973
-3972
-3971
-3970
-3966
-3965
-3960
-3958
-3957
-3956
-3954
-3953
-3951
-3950
-3949
-3948
-3947
-3946
-3945
-3943
-3942
-3939
-3936
-3935
-3934
-3933
-3931
-3929
-3927
-3926
-3924
-3923
-3921
-3912
-3909
-3907
-3906
-3905
-3904
-3903
-3902
-3901
-3893
-3892
-3891
-3890
-3889
-3888
-3886
-3885
-3883
-3882
-3881
-3879
-3877
-3875
-3874
-3872
-3870
-3867
-3866
-3864
-3863
-3862
-3858
-3854
-3851
-3847
-3846
-3845
-3843
-3842
-3840
-3839
-3838
-3837
-3836
-3835
-3830
-3829
-3827
-3825
-3824
-3823
-3819
-3818
-3815
-3812
-3811
-3810
-3809
-3804
-3802
-3801
-3799
-3798
-3795
-3794
-3791
-3789
-3787
-3786
-3784
-3783
-3781
-3780
-3779
-3775
-3773
-3771
-3770
-3769
-3767
-3766
-3765
-3764
-3760
-3759
-3756
-3754
-3750
-3749
-3748
-3747
-3745
-3742
-3739
-3737
-3735
-3733
-3732
-3727
-3725
-3723
-3721
-3720
-3719
-3717
-3715
-3714
-3713
-3712
-3710
-3709
-3705
-3701
-3700
-3697
-3695
-3693
-3692
-3687
-3685
-3682
-3679
-3678
-3677
-3676
-3672
-3671
-3670
-3667
-3661
-3660
-3659
-3658
-3657
-3656
-3653
-3652
-3649
-3648
-3645
-3644
-3642
-3640
-3637
-3635
-3634
-3633
-3629
-3628
-3626
-3620
-3618
-3617
-3616
-3615
-3612
-3611
-3609
-3608
-3607
-3606
-3604
-3601
-3598
-3595
-3592
-3589
-3587
-3585
-3583
-3582
-3581
-3577
-3575
-3573
-3570
-3569
-3568
-3567
-3564
-3563
-3562
-3561
-3560
-3559
-3554
-3553
-3552
-3549
-3546
-3543
-3541
-3540
-3538
-3535
-3529
-3528
-3524
-3523
-3522
-3520
-3519
-3518
-3517
-3515
-3514
-3513
-3511
-3510
-3508
-3503
-3501
-3500
-3499
-3497
-3496
-3495
-3494
-3492
-3491
-3490
-3489
-3487
-3484
-3483
-3481
-3480
-3478
-3477
-3475
-3474
-3472
-3470
-3469
-3468
-3465
-3462
-3461
-3460
-3459
-3457
-3456
-3453
-3450
-3449
-3448
-3445
-3443
-3442
-3439
-3438
-3435
-3434
-3432
-3430
-3429
-3428
-3425
-3422
-3417
-3413
-3412
-3411
-3409
-3408
-3405
-3404
-3403
-3402
-3401
-3400
-3396
-3394
-3392
-3389
-3388
-3384
-3380
-3379
-3377
-3376
-3371
-3369
-3367
-3366
-3365
-3364
-3363
-3360
-3359
-3357
-3354
-3353
-3351
-3349
-3347
-3346
-3344
-3341
-3340
-3339
-3337
-3332
-3325
-3324
-3322
-3321
-3318
-3315
-3312
-3311
-3309
-3308
-3307
-3305
-3304
-3303
-3302
-3298
-3296
-3295
-3293
-3289
-3287
-3285
-3282
-3279
-3278
-3277
-3273
-3264
-3262
-3261
-3259
-3257
-3256
-3253
-3251
-3250
-3246
-3244
-3240
-3238
-3236
-3234
-3231
-3227
-3220
-3215
-3214
-3211
-3209
-3204
-3201
-3200
-3199
-3197
-3194
-3193
-3192
-3191
-3190
-3189
-3187
-3186
-3185
-3184
-3183
-3180
-3178
-3174
-3169
-3168
-3167
-3165
-3164
-3163
-3161
-3160
-3159
-3158
-3156
-3153
-3150
-3149
-3148
-3147
-3144
-3143
-3140
-3139
-3136
-3135
-3131
-3130
-3127
-3126
-3125
-3124
-3120
-3116
-3115
-3112
-3109
-3107
-3106
-3105
-3104
-3103
-3102
-3095
-3092
-3088
-3085
-3084
-3083
-3082
-3081
-3078
-3076
-3071
-3070
-3068
-3066
-3064
-3058
-3057
-3056
-3055
-3054
-3052
-3050
-3049
-3046
-3042
-3040
-3038
-3035
-3033
-3032
-3031
-3029
-3027
-3025
-3024
-3023
-3022
-3018
-3016
-3014
-3012
-3011
-3008
-3005
-3004
-3003
-3002
-2999
-2994
-2993
-2991
-2990
-2989
-2988
-2987
-2986
-2982
-2981
-2980
-2978
-2977
-2975
-2973
-2970
-2967
-2964
-2963
-2962
-2961
-2959
-2955
-2954
-2952
-2949
-2945
-2944
-2942
-2940
-2939
-2937
-2934
-2933
-2932
-2931
-2930
-2929
-2928
-2927
-2926
-2924
-2923
-2919
-2917
-2916
-2915
-2913
-2910
-2909
-2906
-2905
-2904
-2903
-2902
-2899
-2897
-2896
-2892
-2891
-2890
-2887
-2884
-2883
-2882
-2881
-2878
-2876
-2874
-2868
-2867
-2866
-2863
-2860
-2857
-2855
-2854
-2853
-2849
-2848
-2841
-2838
-2833
-2832
-2831
-2827
-2825
-2822
-2819
-2818
-2813
-2812
-2811
-2810
-2809
-2807
-2806
-2803
-2802
-2800
-2797
-2795
-2794
-2793
-2792
-2787
-2786
-2781
-2774
-2770
-2768
-2767
-2766
-2765
-2763
-2760
-2759
-2757
-2756
-2754
-2752
-2748
-2745
-2744
-2743
-2741
-2738
-2737
-2734
-2733
-2732
-2731
-2728
-2724
-2723
-2720
-2718
-2717
-2715
-2714
-2713
-2712
-2708
-2705
-2700
-2699
-2696
-2694
-2690
-2689
-2688
-2687
-2681
-2678
-2677
-2676
-2675
-2674
-2672
-2671
-2669
-2668
-2663
-2661
-2656
-2652
-2650
-2647
-2646
-2643
-2639
-2637
-2636
-2634
-2631
-2630
-2629
-2626
-2625
-2621
-2620
-2619
-2613
-2612
-2609
-2607
-2605
-2602
-2601
-2599
-2597
-2595
-2593
-2592
-2589
-2588
-2587
-2586
-2585
-2583
-2580
-2578
-2576
-2575
-2574
-2572
-2569
-2567
-2565
-2560
-2559
-2558
-2556
-2555
-2554
-2552
-2547
-2546
-2545
-2544
-2543
-2541
-2539
-2538
-2534
-2532
-2530
-2528
-2527
-2525
-2523
-2520
-2517
-2516
-2515
-2514
-2511
-2509
-2507
-2505
-2502
-2501
-2500
-2497
-2496
-2495
-2493
-2491
-2487
-2486
-2484
-2483
-2480
-2478
-2476
-2475
-2474
-2472
-2471
-2468
-2467
-2466
-2464
-2461
-2457
-2456
-2455
-2454
-2453
-2452
-2450
-2449
-2445
-2444
-2441
-2440
-2432
-2431
-2430
-2427
-2425
-2424
-2423
-2422
-2420
-2417
-2416
-2413
-2412
-2411
-2410
-2407
-2406
-2405
-2403
-2402
-2401
-2400
-2399
-2398
-2397
-2396
-2395
-2394
-2388
-2382
-2380
-2379
-2378
-2376
-2374
-2368
-2363
-2361
-2360
-2358
-2357
-2355
-2354
-2352
-2351
-2350
-2349
-2348
-2346
-2344
-2342
-2340
-2337
-2335
-2334
-2332
-2331
-2330
-2329
-2327
-2325
-2324
-2322
-2321
-2320
-2318
-2315
-2313
-2310
-2309
-2308
-2307
-2305
-2304
-2303
-2302
-2300
-2299
-2297
-2296
-2295
-2291
-2290
-2288
-2285
-2283
-2282
-2281
-2280
-2274
-2272
-2270
-2268
-2266
-2265
-2264
-2263
-2262
-2259
-2257
-2255
-2253
-2251
-2247
-2244
-2242
-2238
-2237
-2236
-2233
-2232
-2231
-2229
-2228
-2226
-2225
-2223
-2216
-2215
-2214
-2213
-2209
-2203
-2201
-2199
-2198
-2197
-2193
-2192
-2190
-2189
-2188
-2179
-2178
-2177
-2176
-2175
-2172
-2169
-2168
-2166
-2165
-2164
-2162
-2157
-2153
-2149
-2148
-2147
-2145
-2144
-2142
-2141
-2139
-2136
-2134
-2131
-2130
-2128
-2126
-2125
-2123
-2122
-2121
-2120
-2119
-2118
-2117
-2112
-2111
-2110
-2106
-2102
-2099
-2096
-2095
-2094
-2092
-2091
-2088
-2087
-2085
-2084
-2083
-2080
-2079
-2078
-2077
-2076
-2074
-2071
-2070
-2069
-2067
-2065
-2064
-2054
-2049
-2048
-2044
-2042
-2041
-2039
-2034
-2027
-2026
-2023
-2019
-2018
-2013
-2012
-2007
-2006
-2005
-2002
-1999
-1997
-1994
-1993
-1988
-1986
-1985
-1981
-1977
-1976
-1975
-1972
-1970
-1966
-1965
-1964
-1963
-1962
-1961
-1958
-1956
-1955
-1953
-1952
-1950
-1949
-1947
-1945
-1944
-1942
-1941
-1938
-1937
-1936
-1934
-1928
-1926
-1925
-1924
-1922
-1920
-1919
-1917
-1911
-1907
-1905
-1902
-1900
-1899
-1898
-1897
-1896
-1895
-1894
-1893
-1892
-1891
-1890
-1888
-1887
-1884
-1881
-1880
-1879
-1876
-1872
-1870
-1868
-1865
-1863
-1862
-1860
-1856
-1853
-1852
-1851
-1850
-1846
-1845
-1844
-1843
-1842
-1841
-1839
-1838
-1833
-1831
-1829
-1828
-1826
-1824
-1821
-1820
-1819
-1818
-1816
-1815
-1814
-1813
-1812
-1811
-1810
-1809
-1808
-1805
-1804
-1801
-1797
-1795
-1794
-1792
-1791
-1782
-1776
-1775
-1773
-1769
-1766
-1761
-1760
-1758
-1756
-1754
-1753
-1752
-1748
-1745
-1742
-1740
-1738
-1737
-1736
-1734
-1733
-1731
-1730
-1725
-1724
-1722
-1717
-1716
-1715
-1714
-1713
-1712
-1711
-1709
-1708
-1706
-1705
-1704
-1703
-1698
-1697
-1696
-1695
-1694
-1691
-1687
-1685
-1684
-1682
-1679
-1678
-1676
-1675
-1674
-1673
-1671
-1670
-1668
-1666
-1665
-1664
-1663
-1660
-1659
-1658
-1657
-1656
-1654
-1653
-1652
-1651
-1650
-1648
-1647
-1645
-1644
-1643
-1641
-1638
-1637
-1635
-1634
-1633
-1632
-1626
-1625
-1624
-1623
-1619
-1616
-1615
-1610
-1609
-1606
-1605
-1602
-1601
-1596
-1595
-1594
-1593
-1587
-1583
-1580
-1575
-1571
-1569
-1568
-1567
-1564
-1561
-1555
-1554
-1546
-1544
-1543
-1540
-1538
-1536
-1531
-1530
-1529
-1526
-1525
-1524
-1519
-1516
-1514
-1511
-1509
-1506
-1505
-1503
-1502
-1501
-1500
-1499
-1495
-1492
-1488
-1487
-1486
-1483
-1480
-1474
-1473
-1470
-1464
-1463
-1462
-1459
-1455
-1453
-1452
-1449
-1448
-1446
-1443
-1442
-1439
-1438
-1437
-1436
-1434
-1431
-1430
-1429
-1427
-1426
-1424
-1423
-1420
-1418
-1416
-1412
-1410
-1409
-1406
-1404
-1399
-1398
-1396
-1394
-1393
-1392
-1391
-1389
-1387
-1386
-1379
-1377
-1375
-1373
-1370
-1369
-1367
-1364
-1363
-1362
-1361
-1360
-1355
-1353
-1350
-1349
-1348
-1346
-1345
-1344
-1340
-1337
-1335
-1334
-1333
-1331
-1328
-1327
-1324
-1320
-1319
-1313
-1312
-1311
-1307
-1305
-1304
-1301
-1300
-1296
-1294
-1293
-1290
-1289
-1288
-1285
-1284
-1283
-1282
-1281
-1280
-1279
-1276
-1274
-1272
-1270
-1268
-1267
-1264
-1263
-1262
-1260
-1258
-1257
-1254
-1252
-1250
-1249
-1248
-1247
-1243
-1240
-1237
-1234
-1232
-1229
-1225
-1224
-1222
-1221
-1220
-1215
-1212
-1211
-1210
-1209
-1207
-1206
-1203
-1201
-1196
-1194
-1193
-1192
-1187
-1186
-1184
-1183
-1181
-1179
-1176
-1174
-1172
-1171
-1170
-1169
-1168
-1165
-1164
-1163
-1162
-1157
-1154
-1153
-1152
-1151
-1150
-1149
-1147
-1144
-1143
-1141
-1139
-1137
-1135
-1134
-1133
-1132
-1131
-1130
-1129
-1126
-1125
-1124
-1123
-1117
-1116
-1114
-1112
-1111
-1110
-1109
-1103
-1101
-1096
-1095
-1091
-1088
-1086
-1085
-1084
-1083
-1075
-1074
-1073
-1072
-1070
-1068
-1066
-1063
-1061
-1057
-1055
-1052
-1051
-1047
-1046
-1045
-1042
-1041
-1040
-1037
-1034
-1031
-1030
-1025
-1023
-1020
-1019
-1018
-1017
-1014
-1012
-1010
-1005
-1004
-1002
-1001
-1000
-999
-998
-996
-994
-993
-989
-988
-984
-982
-979
-976
-973
-971
-969
-968
-967
-966
-964
-961
-958
-953
-952
-949
-948
-947
-943
-941
-940
-937
-936
-935
-932
-928
-924
-923
-921
-920
-919
-916
-914
-911
-909
-908
-903
-901
-897
-896
-895
-894
-893
-891
-885
-879
-877
-876
-873
-871
-870
-863
-862
-859
-857
-853
-850
-847
-846
-845
-842
-841
-839
-838
-836
-834
-832
-830
-825
-824
-823
-822
-817
-816
-815
-813
-812
-810
-809
-805
-804
-803
-802
-801
-798
-797
-796
-795
-794
-793
-792
-790
-788
-787
-785
-783
-782
-780
-778
-771
-770
-769
-765
-764
-761
-759
-757
-756
-752
-751
-749
-747
-745
-743
-739
-738
-735
-734
-732
-731
-730
-727
-724
-723
-721
-720
-718
-715
-713
-712
-711
-710
-709
-708
-705
-703
-702
-701
-699
-698
-697
-694
-692
-691
-690
-689
-687
-685
-682
-679
-678
-677
-675
-674
-673
-672
-671
-667
-663
-662
-661
-658
-657
-653
-652
-651
-648
-647
-646
-642
-638
-635
-633
-631
-630
-629
-628
-627
-626
-625
-620
-619
-617
-614
-612
-611
-610
-609
-607
-604
-602
-597
-594
-593
-592
-591
-590
-589
-586
-585
-584
-583
-581
-580
-578
-575
-574
-571
-568
-567
-563
-561
-560
-558
-557
-556
-555
-553
-550
-549
-545
-544
-542
-541
-539
-534
-533
-532
-531
-530
-525
-522
-518
-515
-514
-513
-510
-503
-502
-501
-500
-499
-498
-497
-496
-495
-494
-493
-491
-488
-487
-482
-481
-475
-473
-471
-469
-466
-465
-459
-458
-457
-456
-455
-446
-445
-444
-442
-441
-440
-437
-435
-430
-429
-428
-427
-426
-424
-419
-418
-417
-416
-415
-414
-413
-412
-411
-410
-409
-407
-406
-405
-404
-403
-400
-399
-397
-393
-391
-390
-384
-383
-381
-379
-378
-375
-373
-370
-369
-368
-362
-361
-358
-356
-355
-354
-352
-351
-348
-345
-344
-343
-342
-338
-337
-333
-328
-326
-320
-319
-318
-315
-314
-312
-310
-307
-306
-305
-303
-301
-300
-299
-298
-297
-295
-286
-279
-278
-275
-272
-271
-270
-266
-264
-263
-261
-260
-259
-258
-255
-248
-247
-246
-245
-243
-240
-239
-237
-235
-233
-232
-231
-229
-223
-222
-221
-220
-219
-214
-212
-211
-210
-209
-207
-206
-205
-204
-201
-199
-197
-196
-195
-194
-192
-191
-189
-180
-179
-178
-177
-176
-175
-174
-173
-172
-171
-169
-168
-167
-164
-163
-159
-157
-156
-153
-150
-148
-146
-140
-139
-138
-134
-133
-132
-131
-130
-127
-126
-122
-121
-120
-117
-113
-109
-107
-104
-103
-102
-99
-98
-97
-94
-93
-92
-91
-90
-89
-81
-80
-79
-78
-77
-76
-72
-71
-68
-67
-64
-63
-62
-61
-59
-58
-57
-56
-54
-52
-51
-48
-47
-43
-42
-37
-31
-27
-26
-25
-24
-23
-22
-20
-18
-12
-10
-5
-4
-3
2
3
4
6
7
9
11
12
13
15
17
18
19
20
22
24
25
29
31
35
40
43
44
47
49
51
52
54
56
57
59
60
63
64
66
67
68
69
73
74
77
78
79
80
81
83
84
86
87
88
93
94
95
97
99
101
102
107
108
109
110
113
115
116
118
119
120
121
122
123
124
126
128
130
135
136
137
139
141
143
144
146
150
151
152
156
160
162
164
165
166
169
171
178
179
182
183
185
186
187
190
194
197
198
201
204
206
207
211
213
216
219
221
225
226
228
229
231
232
242
245
248
251
252
253
254
256
259
260
262
263
264
265
268
269
271
275
278
279
280
282
283
285
287
290
294
298
299
301
303
306
314
315
317
318
319
320
326
330
332
333
334
341
342
343
347
348
350
351
352
354
355
356
357
358
360
364
366
367
371
372
374
376
377
381
382
383
384
387
392
394
395
396
398
399
402
403
404
407
408
414
415
416
419
420
425
428
430
433
434
437
439
440
443
446
447
454
455
457
458
460
464
465
468
469
470
472
473
475
476
477
480
481
482
483
486
489
490
491
492
496
497
498
499
500
501
502
504
506
508
511
512
513
514
516
517
518
521
523
525
527
528
529
530
531
532
534
537
543
544
548
549
550
551
552
557
558
560
561
563
565
566
567
570
571
575
576
578
579
581
586
587
588
589
590
591
594
596
600
602
603
604
606
611
613
614
615
620
621
622
623
624
625
628
630
631
633
638
640
642
644
650
651
652
655
656
657
659
660
662
665
666
667
668
674
676
677
678
680
681
682
685
688
689
693
694
698
701
702
703
704
709
711
712
713
720
721
723
725
726
729
731
735
737
740
741
743
744
747
748
750
753
755
757
762
764
765
768
773
783
786
788
791
793
795
796
797
799
800
804
805
807
808
812
817
819
822
825
833
837
840
842
844
847
848
853
854
855
858
862
863
868
869
870
871
872
873
881
882
885
888
895
896
897
898
899
901
903
904
905
907
914
916
917
918
919
923
925
927
929
930
932
934
935
936
938
945
946
949
953
955
957
958
959
961
963
965
966
969
970
972
975
979
981
984
986
988
990
991
993
994
995
997
999
1001
1002
1003
1005
1006
1007
1008
1011
1014
1016
1018
1021
1022
1024
1025
1027
1028
1031
1032
1033
1034
1036
1039
1041
1044
1045
1049
1050
1051
1052
1053
1058
1062
1065
1068
1071
1072
1075
1079
1080
1081
1084
1085
1088
1090
1093
1094
1096
1098
1101
1102
1104
1111
1113
1116
1117
1119
1120
1121
1123
1128
1129
1134
1135
1136
1138
1141
1142
1143
1144
1146
1147
1149
1150
1152
1153
1154
1155
1156
1157
1158
1160
1162
1163
1164
1165
1166
1168
1169
1170
1175
1179
1180
1181
1182
1186
1187
1189
1193
1199
1200
1205
1209
1210
1211
1214
1217
1218
1219
1220
1221
1223
1226
1227
1228
1231
1233
1234
1236
1237
1238
1239
1240
1241
1242
1243
1244
1245
1246
1250
1253
1254
1257
1259
1261
1263
1267
1268
1269
1270
1274
1275
1278
1279
1280
1281
1282
1283
1284
1290
1298
1299
1301
1302
1303
1304
1305
1307
1308
1309
1312
1315
1316
1321
1322
1324
1325
1327
1332
1333
1337
1338
1340
1343
1346
1347
1348
1349
1351
1353
1354
1361
1362
1363
1364
1365
1367
1370
1374
1375
1381
1382
1383
1384
1385
1386
1387
1391
1392
1393
1394
1395
1397
1400
1401
1402
1404
1405
1406
1407
1412
1413
1416
1418
1421
1422
1425
1430
1431
1432
1434
1435
1436
1439
1444
1446
1448
1449
1450
1451
1452
1454
1455
1458
1459
1460
1463
1464
1465
1466
1468
1469
1473
1478
1479
1481
1484
1488
1489
1491
1492
1493
1494
1496
1497
1500
1501
1502
1503
1506
1507
1508
1512
1514
1516
1520
1522
1524
1525
1526
1529
1531
1532
1533
1538
1539
1541
1543
1544
1545
1546
1548
1554
1557
1558
1560
1562
1565
1566
1568
1569
1572
1575
1576
1577
1578
1581
1587
1588
1590
1593
1595
1596
1597
1601
1602
1603
1608
1612
1613
1614
1617
1620
1622
1625
1630
1631
1635
1636
1638
1640
1641
1644
1647
1648
1649
1654
1656
1657
1659
1660
1661
1662
1663
1665
1667
1671
1672
1679
1680
1684
1687
1689
1690
1692
1696
1697
1700
1702
1705
1706
1707
1708
1710
1711
1712
1713
1714
1716
1717
1718
1721
1725
1728
1731
1732
1734
1736
1739
1741
1742
1746
1748
1749
1751
1752
1754
1755
1756
1760
1761
1765
1766
1767
1768
1769
1770
1771
1772
1776
1777
1780
1781
1782
1785
1786
1790
1793
1795
1796
1797
1798
1799
1802
1803
1804
1805
1810
1811
1815
1816
1818
1819
1820
1824
1826
1828
1829
1830
1831
1834
1835
1836
1837
1840
1842
1846
1848
1850
1852
1854
1856
1858
1860
1861
1863
1865
1866
1869
1871
1877
1880
1881
1886
1902
1903
1904
1905
1907
1911
1912
1914
1916
1917
1919
1922
1923
1926
1927
1929
1931
1932
1933
1935
1936
1937
1941
1945
1951
1952
1954
1956
1960
1961
1965
1966
1968
1973
1974
1978
1979
1980
1983
1984
1985
1986
1988
1992
1993
1994
1995
1996
1998
2000
2002
2003
2004
2005
2007
2009
2010
2011
2013
2014
2021
2023
2031
2036
2038
2039
2040
2042
2043
2044
2045
2052
2053
2055
2058
2059
2062
2063
2067
2070
2073
2074
2075
2077
2078
2079
2080
2081
2082
2085
2086
2089
2090
2092
2093
2094
2095
2096
2098
2104
2106
2113
2114
2117
2119
2120
2121
2122
2124
2126
2131
2133
2134
2135
2137
2139
2140
2143
2144
2145
2146
2151
2152
2155
2156
2157
2160
2161
2162
2163
2166
2167
2169
2170
2172
2176
2180
2184
2185
2188
2190
2191
2194
2196
2198
2201
2202
2203
2212
2213
2214
2215
2216
2218
2219
2221
2222
2223
2226
2227
2228
2229
2230
2233
2235
2236
2237
2238
2241
2242
2245
2246
2248
2251
2253
2256
2257
2259
2262
2264
2268
2272
2273
2274
2275
2277
2278
2279
2281
2283
2284
2287
2289
2292
2294
2297
2299
2300
2301
2302
2304
2308
2309
2312
2313
2314
2315
2318
2319
2320
2321
2323
2324
2327
2329
2330
2332
2334
2336
2337
2338
2340
2343
2344
2345
2346
2347
2348
2349
2350
2352
2354
2355
2359
2361
2362
2363
2365
2366
2368
2369
2370
2371
2372
2374
2375
2377
2379
2382
2384
2385
2386
2387
2392
2394
2398
2399
2400
2403
2406
2410
2411
2412
2413
2414
2418
2419
2420
2421
2422
2424
2425
2426
2427
2428
2429
2430
2432
2433
2434
2435
2437
2438
2441
2443
2445
2447
2448
2450
2454
2458
2459
2461
2462
2463
2465
2468
2471
2474
2475
2477
2479
2484
2489
2490
2492
2494
2496
2497
2498
2504
2505
2506
2509
2512
2515
2516
2517
2518
2520
2521
2522
2523
2527
2528
2529
2531
2532
2533
2534
2539
2544
2546
2547
2549
2551
2553
2556
2558
2561
2563
2565
2568
2569
2575
2577
2580
2583
2585
2587
2588
2589
2590
2591
2592
2594
2595
2596
2598
2601
2603
2608
2610
2612
2613
2616
2617
2618
2619
2623
2624
2628
2634
2635
2639
2640
2641
2642
2643
2646
2647
2652
2653
2657
2660
2663
2664
2666
2667
2669
2671
2672
2673
2677
2682
2684
2686
2687
2691
2692
2693
2696
2697
2699
2700
2702
2703
2704
2707
2710
2712
2716
2719
2721
2722
2724
2725
2726
2727
2728
2729
2730
2733
2734
2738
2739
2744
2745
2746
2747
2748
2749
2750
2751
2752
2754
2756
2757
2759
2760
2767
2773
2777
2779
2780
2782
2783
2784
2786
2788
2791
2795
2796
2798
2799
2800
2801
2802
2809
2811
2812
2814
2815
2817
2818
2820
2821
2822
2829
2836
2837
2843
2844
2845
2848
2849
2851
2852
2854
2858
2859
2860
2863
2867
2869
2873
2874
2877
2879
2880
2882
2887
2888
2890
2891
2892
2893
2898
2901
2903
2904
2905
2906
2912
2915
2917
2918
2919
2920
2921
2924
2929
2932
2933
2935
2936
2937
2939
2940
2941
2942
2943
2945
2946
2947
2948
2949
2956
2957
2958
2959
2962
2965
2966
2969
2970
2974
2978
2979
2980
2982
2983
2986
2987
2992
2996
2997
2998
3001
3005
3006
3007
3008
3009
3011
3012
3014
3018
3019
3021
3022
3023
3024
3025
3027
3029
3030
3031
3035
3036
3039
3041
3044
3051
3053
3055
3057
3058
3059
3061
3062
3063
3064
3065
3066
3068
3070
3074
3075
3076
3077
3080
3081
3084
3085
3086
3087
3090
3094
3095
3096
3097
3098
3100
3101
3103
3105
3106
3108
3111
3112
3113
3114
3115
3117
3118
3120
3121
3123
3125
3126
3127
3131
3133
3136
3143
3144
3146
3149
3150
3151
3152
3153
3155
3159
3160
3161
3165
3167
3169
3170
3171
3175
3178
3180
3181
3184
3185
3186
3188
3193
3194
3198
3203
3205
3207
3208
3210
3212
3213
3221
3222
3223
3226
3229
3230
3234
3241
3246
3248
3249
3250
3251
3256
3258
3259
3260
3263
3265
3268
3271
3273
3276
3278
3279
3280
3281
3288
3290
3291
3295
3297
3299
3300
3304
3305
3306
3307
3312
3313
3314
3318
3321
3326
3327
3328
3329
3331
3334
3335
3336
3337
3339
3341
3342
3344
3345
3346
3349
3350
3351
3353
3356
3357
3360
3363
3364
3365
3369
3370
3371
3372
3373
3374
3376
3382
3383
3384
3389
3391
3393
3394
3395
3396
3398
3403
3404
3405
3406
3407
3409
3410
3413
3414
3416
3418
3420
3421
3422
3426
3428
3430
3434
3436
3438
3439
3444
3446
3447
3448
3452
3455
3456
3458
3461
3462
3463
3464
3466
3469
3470
3471
3473
3475
3477
3479
3480
3481
3482
3485
3488
3489
3493
3496
3497
3498
3499
3500
3501
3502
3504
3509
3511
3512
3513
3514
3517
3520
3522
3523
3524
3525
3527
3528
3529
3530
3531
3534
3535
3536
3538
3539
3540
3543
3544
3545
3546
3547
3548
3549
3550
3552
3554
3555
3556
3557
3559
3562
3564
3565
3574
3575
3576
3581
3585
3586
3588
3594
3595
3596
3597
3598
3601
3603
3604
3607
3609
3611
3613
3614
3616
3617
3619
3620
3624
3625
3627
3630
3631
3633
3634
3635
3640
3641
3642
3645
3651
3652
3655
3656
3657
3659
3660
3661
3663
3666
3667
3668
3669
3672
3673
3674
3675
3677
3678
3680
3681
3682
3686
3687
3688
3690
3691
3695
3697
3698
3699
3701
3702
3704
3705
3706
3707
3709
3710
3711
3713
3715
3718
3720
3721
3729
3730
3731
3735
3736
3739
3741
3742
3750
3751
3752
3754
3756
3757
3760
3762
3763
3764
3772
3773
3776
3777
3778
3780
3782
3783
3785
3787
3791
3792
3799
3800
3801
3802
3805
3806
3808
3810
3811
3812
3813
3818
3821
3822
3823
3824
3825
3828
3829
3831
3836
3837
3840
3841
3842
3844
3845
3849
3850
3851
3852
3853
3854
3855
3856
3858
3861
3862
3863
3864
3865
3868
3869
3873
3875
3876
3877
3878
3879
3880
3881
3884
3885
3887
3889
3890
3893
3894
3897
3898
3906
3909
3910
3911
3913
3916
3918
3919
3922
3924
3927
3929
3932
3935
3942
3943
3944
3945
3946
3948
3949
3950
3953
3957
3958
3959
3960
3961
3965
3966
3967
3970
3972
3976
3978
3979
3983
3984
3986
3988
3991
3995
3997
3998
3999
4000
4004
4008
4010
4013
4014
4015
4018
4019
4020
4021
4022
4024
4027
4028
4029
4031
4035
4037
4039
4044
4047
4051
4053
4054
4055
4059
4061
4062
4063
4064
4065
4068
4070
4072
4073
4075
4077
4078
4081
4083
4086
4090
4094
4095
4097
4098
4099
4101
4105
4106
4107
4108
4111
4114
4116
4117
4119
4120
4123
4124
4129
4130
4131
4136
4138
4139
4141
4143
4147
4148
4155
4157
4160
4162
4163
4165
4166
4167
4168
4169
4170
4175
4177
4178
4179
4180
4182
4185
4187
4192
4193
4194
4195
4199
4200
4201
4203
4205
4206
4209
4211
4214
4216
4221
4222
4226
4228
4229
4230
4233
4234
4235
4237
4238
4245
4246
4248
4251
4252
4255
4257
4258
4259
4261
4264
4265
4266
4268
4270
4272
4273
4275
4276
4277
4279
4281
4286
4287
4289
4290
4291
4292
4293
4294
4295
4296
4297
4299
4300
4301
4305
4308
4311
4312
4314
4315
4318
4321
4326
4328
4329
4330
4331
4332
4335
4338
4339
4340
4341
4343
4345
4347
4349
4350
4352
4353
4354
4356
4357
4358
4360
4361
4363
4364
4365
4367
4369
4370
4371
4374
4375
4377
4380
4381
4382
4385
4389
4391
4392
4394
4395
4397
4400
4401
4403
4406
4412
4420
4422
4424
4427
4428
4429
4430
4435
4436
4437
4438
4446
4449
4455
4457
4458
4460
4462
4464
4466
4471
4473
4479
4480
4481
4482
4483
4484
4485
4489
4490
4491
4492
4494
4497
4498
4499
4503
4507
4508
4511
4514
4515
4516
4518
4520
4522
4524
4526
4527
4531
4532
4536
4537
4538
4539
4540
4541
4542
4543
4544
4545
4546
4550
4553
4555
4556
4558
4559
4560
4562
4564
4572
4573
4574
4575
4576
4578
4580
4583
4584
4585
4590
4593
4595
4598
4599
4601
4605
4607
4608
4609
4611
4612
4614
4616
4617
4619
4621
4622
4623
4625
4628
4629
4631
4633
4634
4635
4640
4642
4643
4646
4647
4648
4649
4652
4653
4655
4657
4659
4662
4663
4664
4665
4666
4667
4668
4669
4676
4678
4680
4681
4684
4685
4687
4689
4690
4692
4693
4694
4696
4697
4699
4702
4705
4706
4707
4708
4709
4710
4712
4716
4718
4719
4720
4721
4725
4726
4727
4728
4729
4730
4733
4736
4739
4741
4742
4743
4746
4747
4749
4754
4755
4757
4758
4763
4764
4765
4767
4770
4772
4778
4782
4784
4786
4789
4793
4794
4797
4803
4805
4806
4807
4808
4810
4811
4812
4814
4815
4817
4820
4821
4822
4823
4824
4825
4826
4827
4828
4829
4830
4831
4832
4835
4839
4840
4842
4844
4847
4848
4850
4851
4853
4854
4855
4857
4858
4860
4861
4862
4866
4867
4871
4872
4873
4875
4876
4877
4880
4882
4885
4887
4888
4893
4894
4897
4898
4899
4900
4901
4902
4904
4905
4906
4907
4908
4910
4911
4915
4916
4919
4921
4922
4926
4928
4931
4932
4934
4935
4936
4939
4941
4943
4946
4950
4953
4955
4956
4957
4960
4961
4962
4963
4964
4966
4967
4968
4969
4971
4972
4976
4977
4978
4982
4983
4984
4985
4990
4992
4993
4994
4996
4998
5000
5001
5002
5004
5006
5007
5009
5012
5014
5015
5016
5020
5021
5028
5029
5034
5035
5039
5040
5041
5043
5044
5045
5046
5048
5050
5052
5056
5057
5059
5061
5063
5064
5067
5069
5071
5073
5074
5077
5078
5079
5080
5082
5087
5090
5091
5092
5094
5098
5099
5100
5101
5107
5110
5112
5114
5118
5120
5123
5124
5125
5126
5128
5130
5134
5135
5136
5138
5139
5141
5142
5143
5144
5145
5150
5153
5155
5156
5159
5161
5167
5168
5169
5170
5172
5174
5176
5178
5179
5182
5183
5184
5186
5187
5188
5189
5191
5196
5197
5198
5199
5200
5201
5202
5203
5204
5205
5208
5209
5212
5214
5215
5218
5219
5222
5225
5228
5230
5231
5232
5233
5236
5237
5238
5240
5243
5245
5246
5247
5249
5253
5255
5258
5260
5264
5267
5270
5275
5276
5280
5284
5287
5288
5289
5292
5295
5297
5298
5302
5303
5304
5308
5310
5311
5314
5315
5318
5319
5320
5322
5323
5324
5325
5327
5328
5330
5332
5333
5335
5336
5337
5338
5339
5340
5345
5349
5350
5351
5352
5354
5356
5357
5358
5361
5363
5365
5367
5372
5374
5375
5376
5377
5379
5380
5383
5384
5390
5391
5395
5400
5401
5402
5403
5406
5407
5412
5414
5415
5417
5419
5420
5422
5423
5425
5426
5428
5429
5430
5433
5434
5439
5442
5447
5448
5451
5454
5455
5461
5464
5465
5466
5468
5470
5471
5472
5473
5474
5476
5478
5479
5482
5483
5487
5492
5493
5494
5495
5496
5497
5498
5500
5501
5502
5503
5506
5507
5509
5510
5512
5514
5521
5522
5523
5525
5528
5529
5532
5533
5536
5537
5538
5540
5541
5543
5546
5547
5551
5553
5554
5555
5556
5557
5561
5562
5563
5564
5566
5568
5569
5575
5576
5577
5579
5586
5588
5591
5597
5598
5599
5604
5606
5608
5610
5611
5612
5613
5614
5616
5623
5627
5630
5631
5634
5635
5636
5637
5640
5641
5642
5645
5651
5652
5654
5655
5656
5657
5658
5660
5662
5664
5665
5669
5671
5673
5674
5675
5676
5679
5680
5682
5683
5684
5685
5686
5688
5689
5690
5691
5692
5693
5694
5695
5696
5700
5701
5707
5709
5713
5714
5718
5723
5724
5727
5728
5729
5731
5733
5735
5737
5738
5743
5744
5745
5746
5747
5751
5752
5753
5754
5755
5756
5757
5758
5759
5760
5762
5765
5767
5768
5769
5772
5773
5774
5776
5782
5785
5786
5788
5789
5791
5792
5793
5796
5797
5798
5800
5802
5803
5804
5806
5807
5809
5810
5813
5814
5815
5822
5823
5824
5825
5826
5827
5828
5832
5833
5834
5835
5836
5838
5842
5844
5845
5847
5855
5856
5857
5858
5860
5861
5862
5864
5867
5868
5870
5873
5875
5876
5877
5878
5880
5882
5883
5886
5887
5890
5891
5893
5894
5895
5897
5901
5903
5905
5909
5910
5911
5912
5913
5914
5916
5917
5918
5919
5922
5924
5925
5926
5928
5929
5930
5934
5936
5939
5941
5943
5945
5946
5947
5949
5951
5953
5954
5955
5957
5959
5962
5963
5964
5968
5970
5971
5973
5974
5977
5978
5979
5982
5984
5986
5989
5990
5992
5993
5995
5996
5998
6000
6003
6006
6008
6010
6011
6015
6018
6024
6025
6026
6027
6028
6030
6036
6037
6039
6040
6044
6045
6048
6049
6050
6053
6055
6061
6063
6065
6067
6068
6069
6070
6071
6075
6076
6077
6078
6079
6083
6086
6087
6088
6089
6090
6091
6092
6097
6100
6104
6109
6110
6112
6113
6114
6115
6121
6124
6126
6129
6133
6134
6135
6136
6149
6150
6154
6157
6158
6159
6162
6164
6165
6169
6175
6180
6183
6185
6186
6191
6192
6193
6194
6198
6199
6201
6204
6206
6208
6212
6214
6216
6217
6219
6220
6223
6226
6227
6230
6231
6238
6239
6240
6243
6245
6247
6248
6251
6252
6255
6256
6257
6258
6259
6266
6267
6269
6271
6272
6275
6277
6278
6279
6282
6283
6284
6289
6290
6291
6292
6293
6294
6295
6296
6297
6300
6304
6305
6307
6313
6315
6316
6317
6319
6320
6323
6326
6330
6334
6336
6337
6338
6340
6341
6344
6354
6357
6359
6362
6363
6369
6370
6372
6373
6374
6375
6378
6379
6382
6383
6384
6385
6387
6389
6390
6395
6396
6399
6403
6405
6407
6409
6411
6413
6415
6417
6418
6420
6423
6424
6425
6427
6428
6435
6439
6441
6442
6443
6446
6450
6452
6453
6455
6457
6459
6460
6461
6462
6465
6467
6469
6470
6471
6472
6473
6475
6477
6478
6479
6480
6481
6483
6484
6485
6486
6488
6490
6492
6494
6495
6496
6501
6502
6504
6507
6508
6509
6510
6513
6515
6516
6518
6519
6523
6525
6527
6529
6530
6531
6532
6533
6534
6535
6536
6537
6538
6539
6540
6542
6543
6545
6546
6547
6552
6553
6556
6558
6559
6561
6562
6566
6569
6570
6574
6575
6576
6579
6580
6583
6584
6587
6589
6590
6591
6592
6593
6594
6596
6599
6605
6606
6607
6609
6610
6611
6615
6616
6617
6618
6619
6620
6624
6626
6628
6630
6631
6632
6633
6634
6635
6637
6644
6645
6648
6649
6652
6653
6656
6657
6658
6659
6661
6668
6670
6671
6672
6673
6676
6678
6682
6685
6688
6689
6691
6703
6704
6705
6710
6715
6719
6723
6725
6727
6728
6729
6730
6731
6733
6736
6737
6738
6739
6741
6743
6746
6747
6748
6750
6753
6756
6759
6760
6761
6762
6763
6764
6765
6766
6767
6769
6770
6771
6772
6773
6776
6779
6782
6783
6785
6786
6789
6791
6792
6793
6796
6797
6799
6801
6803
6807
6808
6810
6812
6813
6816
6818
6820
6822
6823
6824
6826
6828
6829
6832
6833
6834
6836
6837
6842
6844
6846
6849
6851
6852
6854
6855
6856
6857
6861
6862
6863
6867
6869
6871
6874
6875
6877
6878
6879
6884
6885
6887
6888
6890
6893
6894
6896
6898
6899
6901
6902
6903
6904
6905
6908
6909
6910
6912
6914
6918
6919
6923
6924
6925
6926
6927
6929
6931
6932
6933
6934
6937
6940
6941
6942
6943
6944
6948
6949
6950
6951
6952
6956
6958
6962
6963
6964
6966
6967
6968
6969
6971
6972
6973
6975
6976
6977
6978
6979
6980
6982
6984
6986
6987
6989
6992
6996
6997
7000
7002
7004
7005
7006
7007
7010
7011
7013
7014
7015
7016
7017
7018
7019
7020
7023
7024
7026
7027
7029
7032
7033
7036
7038
7041
7042
7043
7045
7047
7048
7049
7051
7053
7058
7059
7060
7064
7066
7067
7071
7072
7075
7076
7077
7079
7083
7084
7086
7090
7091
7093
7095
7101
7105
7106
7107
7108
7112
7114
7115
7116
7118
7121
7122
7123
7130
7131
7133
7135
7136
7140
7141
7145
7147
7149
7150
7151
7157
7161
7166
7167
7173
7176
7177
7178
7179
7180
7183
7184
7187
7188
7190
7192
7195
7198
7200
7203
7204
7205
7207
7208
7211
7213
7214
7216
7217
7218
7221
7223
7224
7225
7226
7228
7229
7231
7233
7238
7241
7242
7243
7244
7246
7251
7253
7258
7259
7260
7261
7262
7263
7273
7274
7275
7277
7279
7280
7281
7282
7284
7288
7289
7292
7293
7296
7299
7301
7302
7303
7304
7305
7307
7309
7312
7314
7320
7321
7322
7323
7325
7326
7329
7331
7333
7335
7337
7338
7340
7343
7344
7345
7346
7347
7350
7351
7352
7354
7355
7357
7359
7360
7361
7364
7368
7371
7373
7374
7375
7376
7377
7378
7382
7385
7387
7388
7389
7391
7392
7393
7397
7399
7402
7404
7405
7406
7407
7408
7409
7410
7411
7416
7420
7421
7422
7426
7427
7431
7432
7436
7437
7438
7439
7440
7443
7444
7446
7447
7450
7452
7454
7455
7459
7461
7462
7463
7465
7466
7467
7468
7469
7471
7472
7477
7478
7482
7484
7485
7487
7491
7493
7494
7496
7498
7499
7501
7502
7503
7505
7506
7508
7511
7514
7519
7523
7524
7525
7526
7527
7528
7529
7530
7532
7534
7537
7538
7539
7540
7542
7543
7546
7549
7550
7551
7553
7559
7560
7561
7563
7565
7568
7569
7571
7577
7581
7582
7586
7588
7589
7592
7594
7596
7599
7600
7607
7611
7612
7613
7614
7615
7617
7618
7620
7622
7625
7626
7627
7629
7630
7633
7634
7635
7636
7637
7639
7640
7642
7644
7648
7649
7652
7655
7656
7657
7658
7662
7664
7666
7671
7672
7673
7674
7675
7676
7677
7678
7681
7682
7683
7684
7686
7687
7688
7692
7694
7695
7696
7697
7698
7701
7703
7706
7709
7713
7717
7718
7720
7721
7722
7723
7725
7726
7732
7733
7736
7741
7746
7748
7751
7754
7758
7760
7762
7763
7765
7767
7769
7770
7772
7773
7774
7783
7784
7785
7787
7788
7789
7798
7799
7801
7805
7808
7810
7812
7813
7814
7815
7817
7818
7819
7820
7822
7824
7826
7829
7830
7831
7832
7833
7834
7837
7842
7844
7848
7858
7859
7865
7866
7867
7869
7870
7877
7879
7880
7881
7882
7883
7886
7888
7891
7894
7895
7897
7898
7902
7903
7906
7908
7913
7914
7915
7918
7919
7920
7921
7922
7923
7925
7926
7927
7928
7930
7931
7932
7933
7934
7935
7936
7937
7939
7941
7942
7944
7945
7946
7948
7950
7951
7956
7957
7958
7959
7960
7961
7962
7963
7964
7965
7967
7969
7970
7972
7973
7975
7976
7981
7982
7986
7987
7989
7992
7993
7997
8002
8011
8013
8014
8015
8017
8019
8021
8022
8023
8024
8028
8030
8031
8032
8033
8034
8037
8038
8039
8040
8041
8042
8043
8044
8046
8048
8049
8050
8052
8053
8056
8057
8061
8063
8065
8066
8067
8069
8070
8071
8072
8073
8077
8079
8083
8084
8085
8086
8087
8088
8089
8095
8097
8099
8102
8106
8107
8109
8110
8111
8113
8115
8120
8122
8123
8127
8129
8131
8132
8134
8136
8137
8138
8143
8145
8148
8149
8151
8152
8156
8160
8162
8163
8165
8167
8169
8174
8180
8181
8182
8185
8186
8187
8188
8190
8192
8193
8197
8198
8200
8203
8204
8207
8210
8212
8218
8220
8221
8224
8226
8227
8230
8232
8238
8239
8241
8242
8243
8246
8248
8249
8250
8251
8253
8255
8258
8259
8261
8263
8268
8272
8273
8274
8278
8279
8280
8282
8286
8287
8288
8289
8290
8292
8293
8296
8301
8302
8303
8304
8305
8307
8308
8309
8310
8313
8315
8319
8322
8325
8326
8328
8330
8334
8336
8339
8341
8342
8344
8345
8346
8349
8350
8355
8356
8357
8359
8360
8361
8362
8364
8369
8372
8373
8375
8376
8377
8378
8379
8386
8389
8391
8392
8395
8401
8403
8405
8407
8410
8411
8412
8414
8415
8418
8420
8421
8423
8424
8425
8428
8431
8433
8434
8436
8437
8438
8440
8443
8446
8447
8449
8450
8451
8452
8456
8458
8461
8463
8465
8467
8469
8470
8471
8472
8473
8474
8475
8476
8478
8482
8487
8491
8494
8496
8498
8500
8504
8505
8508
8509
8513
8515
8516
8518
8519
8520
8522
8523
8525
8527
8528
8531
8532
8534
8535
8537
8538
8539
8540
8541
8544
8545
8547
8551
8556
8558
8559
8560
8561
8565
8567
8568
8569
8570
8571
8572
8575
8581
8584
8586
8588
8591
8592
8594
8595
8598
8604
8605
8606
8608
8613
8614
8615
8616
8617
8618
8619
8621
8627
8630
8632
8639
8640
8642
8643
8649
8650
8651
8653
8654
8657
8658
8659
8660
8662
8666
8669
8671
8672
8673
8675
8676
8677
8680
8681
8686
8688
8697
8703
8707
8708
8709
8712
8713
8715
8716
8719
8722
8724
8725
8728
8729
8730
8732
8735
8738
8739
8741
8747
8749
8750
8753
8755
8756
8759
8760
8761
8762
8766
8769
8772
8774
8775
8777
8779
8782
8783
8784
8786
8792
8796
8799
8800
8801
8802
8803
8805
8807
8811
8815
8819
8820
8821
8823
8824
8826
8827
8828
8829
8830
8833
8834
8835
8836
8837
8838
8841
8842
8845
8846
8848
8849
8850
8851
8856
8857
8859
8860
8861
8862
8863
8864
8866
8867
8869
8873
8874
8878
8879
8880
8881
8883
8885
8886
8891
8895
8898
8899
8900
8901
8902
8903
8907
8908
8909
8911
8912
8913
8915
8918
8922
8923
8924
8927
8928
8929
8932
8933
8936
8939
8940
8942
8943
8944
8945
8949
8951
8960
8961
8963
8964
8965
8966
8967
8969
8970
8972
8978
8979
8981
8982
8984
8986
8987
8990
8991
8992
8994
8995
8998
9001
9003
9004
9008
9010
9011
9012
9013
9015
9017
9018
9020
9021
9022
9025
9027
9030
9033
9034
9036
9038
9039
9040
9041
9042
9045
9047
9048
9049
9051
9056
9057
9058
9061
9064
9067
9068
9069
9076
9080
9081
9084
9085
9090
9093
9096
9097
9099
9100
9101
9102
9103
9104
9105
9107
9109
9111
9112
9113
9114
9115
9117
9118
9119
9121
9122
9124
9125
9128
9129
9131
9133
9135
9137
9138
9139
9141
9143
9145
9146
9149
9150
9151
9154
9155
9156
9157
9158
9159
9164
9165
9168
9170
9171
9173
9177
9179
9184
9188
9192
9193
9196
9197
9202
9203
9204
9205
9206
9207
9209
9212
9214
9215
9220
9222
9223
9224
9225
9226
9227
9228
9231
9233
9235
9236
9237
9239
9241
9242
9243
9245
9247
9248
9249
9250
9251
9252
9255
9256
9257
9258
9262
9263
9264
9265
9266
9268
9269
9270
9271
9273
9275
9276
9278
9279
9280
9282
9285
9286
9287
9289
9290
9291
9294
9295
9296
9302
9304
9306
9307
9309
9310
9311
9312
9313
9314
9316
9317
9323
9325
9326
9327
9328
9331
9332
9333
9334
9335
9336
9338
9345
9347
9349
9350
9351
9353
9360
9363
9364
9365
9367
9371
9375
9376
9378
9380
9381
9383
9384
9385
9387
9389
9390
9392
9397
9398
9401
9402
9404
9406
9408
9409
9410
9411
9414
9415
9418
9420
9421
9422
9424
9425
9426
9427
9429
9430
9432
9434
9437
9438
9439
9440
9442
9445
9446
9448
9451
9454
9455
9456
9460
9461
9463
9471
9473
9479
9480
9481
9484
9487
9488
9489
9491
9493
9494
9496
9498
9499
9500
9501
9502
9503
9504
9505
9506
9512
9514
9515
9517
9519
9520
9521
9522
9525
9529
9532
9533
9535
9536
9538
9539
9540
9544
9546
9547
9548
9552
9553
9554
9556
9557
9561
9562
9564
9571
9574
9577
9579
9580
9582
9587
9588
9589
9590
9593
9598
9603
9604
9606
9607
9609
9611
9613
9614
9615
9617
9618
9619
9620
9621
9623
9626
9627
9629
9630
9632
9633
9639
9640
9641
9643
9645
9646
9647
9653
9654
9657
9658
9661
9662
9665
9666
9669
9673
9674
9676
9678
9681
9682
9684
9686
9687
9688
9689
9690
9692
9697
9699
9700
9702
9704
9705
9707
9708
9709
9710
9712
9713
9715
9716
9721
9722
9727
9728
9729
9730
9733
9734
9735
9739
9740
9741
9742
9746
9747
9749
9752
9753
9754
9755
9756
9758
9759
9760
9761
9762
9763
9764
9767
9768
9771
9774
9775
9777
9778
9780
9782
9783
9784
9787
9789
9790
9792
9794
9795
9797
9798
9800
9801
9802
9805
9806
9814
9815
9817
9821
9823
9825
9826
9830
9831
9834
9835
9837
9838
9839
9840
9844
9845
9846
9848
9852
9853
9854
9857
9858
9862
9863
9864
9865
9866
9867
9869
9870
9872
9875
9876
9878
9879
9881
9885
9887
9891
9893
9894
9897
9901
9903
9904
9906
9907
9908
9909
9911
9914
9916
9917
9918
9921
9922
9924
9925
9929
9931
9935
9936
9937
9939
9941
9942
9943
9945
9946
9949
9952
9954
9955
9956
9960
9961
9963
9966
9969
9970
9975
9976
9977
9978
9982
9988
9989
9990
9991
9992
9993
9995
9996
9998
