500
-500
-498
-497
-496
-495
-494
-493
-490
-487
-486
-482
-481
-479
-477
-476
-473
-472
-470
-469
-468
-467
-465
-464
-463
-461
-457
-456
-454
-451
-450
-446
-445
-443
-439
-438
-435
-432
-430
-429
-427
-425
-424
-419
-418
-417
-415
-414
-412
-411
-409
-407
-406
-405
-404
-400
-399
-398
-396
-395
-394
-392
-391
-389
-387
-382
-381
-379
-378
-374
-371
-370
-369
-367
-364
-363
-360
-358
-357
-356
-355
-353
-351
-349
-348
-347
-346
-345
-344
-343
-342
-340
-337
-332
-330
-329
-328
-327
-326
-325
-324
-320
-319
-318
-316
-315
-314
-309
-307
-304
-302
-301
-300
-299
-296
-295
-287
-285
-282
-280
-279
-278
-277
-274
-273
-271
-270
-268
-267
-266
-264
-263
-260
-259
-258
-257
-253
-250
-248
-244
-240
-238
-235
-233
-231
-230
-229
-225
-224
-223
-219
-218
-216
-214
-212
-208
-207
-204
-203
-202
-199
-198
-196
-195
-194
-192
-191
-190
-188
-187
-186
-185
-184
-183
-180
-176
-173
-172
-171
-170
-167
-166
-164
-163
-158
-153
-151
-150
-146
-145
-144
-141
-140
-135
-134
-133
-131
-130
-123
-122
-119
-118
-117
-116
-113
-109
-108
-106
-102
-101
-100
-97
-96
-93
-91
-90
-89
-87
-86
-84
-83
-82
-81
-80
-79
-73
-72
-68
-65
-62
-60
-59
-55
-53
-51
-47
-45
-44
-43
-37
-34
-33
-31
-24
-21
-20
-19
-18
-17
-12
-10
-9
-8
-5
-4
1
2
3
5
10
13
14
17
20
21
22
23
24
26
29
31
33
34
39
41
43
44
47
48
50
53
54
55
58
59
62
64
66
67
69
70
71
72
73
75
76
77
78
79
80
83
85
87
90
92
93
96
97
99
100
103
106
107
110
112
113
117
118
123
124
126
128
129
130
132
134
135
137
139
140
144
146
147
148
153
156
162
168
169
170
173
175
179
180
181
182
186
189
191
192
195
198
199
200
202
203
207
209
210
211
215
216
217
220
222
226
227
228
230
233
234
236
238
239
240
243
244
248
251
253
254
256
261
262
264
266
267
269
271
272
273
274
276
277
278
281
283
288
289
290
291
293
297
307
308
312
313
315
318
319
320
321
323
325
326
327
328
333
334
335
337
338
339
340
341
342
346
349
353
354
355
359
360
364
366
367
373
374
376
378
381
384
390
393
402
403
404
405
406
407
409
410
413
414
415
416
418
419
420
425
426
428
429
431
434
437
438
439
441
443
445
447
448
449
451
453
454
456
457
459
461
463
464
466
467
468
469
470
471
472
476
478
483
486
487
491
492
494
495
498
499
