1000
-1000
-998
-993
-991
-988
-987
-986
-977
-975
-974
-973
-968
-962
-961
-960
-958
-957
-956
-951
-950
-948
-947
-946
-945
-944
-943
-941
-940
-938
-937
-935
-933
-930
-927
-926
-922
-920
-917
-916
-915
-912
-911
-909
-908
-907
-906
-903
-901
-899
-898
-895
-894
-891
-887
-886
-884
-883
-882
-881
-880
-879
-876
-873
-872
-865
-863
-862
-861
-856
-855
-853
-852
-851
-850
-849
-847
-846
-845
-844
-842
-840
-839
-838
-837
-836
-834
-832
-831
-830
-827
-825
-824
-822
-821
-818
-817
-816
-813
-810
-809
-807
-806
-805
-804
-803
-802
-799
-795
-794
-791
-789
-782
-780
-778
-777
-776
-773
-772
-770
-768
-767
-766
-765
-764
-762
-757
-755
-753
-751
-748
-745
-744
-743
-742
-739
-738
-731
-729
-727
-726
-725
-723
-722
-719
-716
-714
-713
-712
-711
-707
-705
-700
-699
-698
-695
-694
-685
-684
-683
-680
-674
-673
-672
-671
-668
-666
-665
-663
-662
-658
-657
-656
-654
-648
-646
-643
-642
-640
-637
-636
-635
-634
-633
-632
-629
-628
-626
-624
-623
-622
-620
-618
-616
-613
-610
-606
-604
-603
-600
-599
-598
-597
-595
-594
-593
-592
-591
-590
-589
-585
-584
-583
-581
-580
-579
-578
-577
-575
-573
-571
-570
-569
-564
-562
-561
-558
-557
-556
-555
-554
-551
-550
-549
-548
-547
-545
-541
-540
-537
-535
-534
-533
-532
-529
-527
-526
-525
-524
-523
-521
-520
-519
-518
-517
-516
-513
-509
-506
-504
-500
-499
-498
-496
-491
-489
-483
-476
-475
-474
-472
-469
-463
-462
-461
-460
-456
-455
-451
-450
-448
-447
-442
-441
-440
-437
-436
-435
-434
-430
-429
-427
-426
-422
-421
-419
-417
-415
-414
-410
-404
-403
-401
-393
-392
-391
-389
-388
-383
-381
-380
-379
-378
-377
-376
-374
-373
-371
-366
-365
-361
-359
-358
-351
-350
-348
-347
-345
-344
-340
-339
-337
-335
-329
-327
-326
-325
-324
-321
-318
-317
-315
-313
-310
-308
-306
-305
-304
-303
-301
-300
-299
-296
-295
-289
-288
-287
-286
-283
-282
-280
-278
-276
-275
-274
-273
-272
-269
-268
-265
-264
-259
-258
-257
-254
-253
-250
-249
-248
-247
-244
-243
-242
-241
-239
-235
-234
-229
-228
-225
-219
-217
-213
-207
-206
-205
-204
-202
-201
-199
-197
-196
-195
-192
-189
-188
-187
-185
-183
-182
-181
-179
-178
-177
-176
-175
-174
-172
-168
-165
-164
-162
-161
-159
-156
-155
-153
-152
-147
-145
-142
-138
-135
-132
-129
-128
-126
-122
-119
-118
-116
-113
-112
-106
-104
-101
-99
-91
-89
-88
-87
-86
-83
-82
-79
-78
-77
-76
-75
-74
-73
-69
-67
-66
-64
-63
-62
-61
-59
-55
-53
-52
-51
-49
-48
-44
-42
-40
-39
-32
-30
-28
-26
-24
-22
-21
-20
-19
-16
-13
-12
-8
-6
-5
0
2
3
5
6
10
12
15
19
24
25
26
31
33
34
35
41
43
45
46
47
48
49
51
52
53
59
60
61
63
64
67
69
71
73
75
79
81
83
85
87
88
89
93
94
96
100
105
108
110
111
119
121
122
123
126
127
133
135
139
140
141
142
144
145
146
147
149
151
152
153
154
155
156
158
159
160
162
164
166
169
171
173
174
177
179
180
183
184
185
186
190
191
195
196
197
198
199
202
206
209
210
213
216
222
223
224
227
230
231
232
233
235
237
238
239
240
241
244
246
249
250
252
256
257
258
261
264
268
273
275
282
284
285
286
287
288
289
290
292
300
306
309
310
313
315
316
317
320
321
322
326
328
329
333
335
336
337
341
342
344
346
347
349
351
352
353
354
355
358
360
361
364
368
373
374
375
376
377
378
379
380
382
383
386
387
389
390
391
393
395
396
403
404
405
407
410
412
415
416
417
418
419
426
427
430
432
436
437
442
449
450
451
452
453
454
455
456
457
459
460
462
463
464
465
467
468
470
473
476
477
478
480
481
483
485
486
487
489
490
491
493
494
498
499
500
502
505
507
508
510
511
513
514
515
516
517
518
521
526
527
529
534
537
543
545
547
548
549
552
553
555
559
560
564
565
566
567
568
570
571
574
576
580
582
583
586
588
589
591
594
598
603
604
605
606
607
608
610
613
615
616
619
620
623
624
626
627
630
631
633
635
638
639
640
641
644
645
648
649
651
652
653
655
656
660
666
668
670
672
674
676
677
678
679
680
681
682
684
685
686
687
690
691
692
693
694
695
697
698
699
700
703
705
706
707
708
714
715
716
717
720
721
722
723
725
732
734
735
736
738
739
740
743
744
746
747
749
751
753
756
762
763
765
766
767
769
771
773
774
776
779
780
784
785
790
793
795
796
799
801
803
805
806
807
810
811
812
814
816
817
818
819
820
821
822
824
829
830
831
832
835
836
837
840
845
846
849
852
853
857
859
860
861
864
865
869
872
874
875
876
877
878
879
884
885
886
888
892
893
897
898
899
901
903
906
907
908
909
910
911
913
915
917
918
920
922
925
929
931
932
934
935
936
938
939
940
941
942
947
949
952
953
955
956
957
959
961
964
969
970
973
975
979
981
982
983
984
985
986
988
989
990
993
995
996
998
