5000
-5000
-4999
-4998
-4995
-4994
-4992
-4991
-4990
-4989
-4983
-4982
-4980
-4979
-4978
-4976
-4971
-4970
-4969
-4968
-4965
-4962
-4959
-4958
-4957
-4951
-4949
-4946
-4944
-4942
-4941
-4940
-4938
-4937
-4933
-4931
-4930
-4927
-4925
-4923
-4922
-4919
-4918
-4917
-4914
-4912
-4905
-4903
-4902
-4899
-4898
-4892
-4891
-4890
-4888
-4885
-4884
-4883
-4882
-4881
-4875
-4873
-4872
-4871
-4870
-4869
-4867
-4866
-4863
-4862
-4861
-4855
-4850
-4849
-4845
-4842
-4838
-4835
-4834
-4833
-4831
-4830
-4826
-4825
-4817
-4816
-4813
-4810
-4806
-4801
-4800
-4799
-4798
-4797
-4796
-4794
-4793
-4791
-4790
-4789
-4786
-4785
-4784
-4783
-4782
-4781
-4780
-4778
-4775
-4774
-4773
-4769
-4768
-4766
-4765
-4763
-4762
-4760
-4759
-4757
-4752
-4750
-4749
-4748
-4747
-4744
-4741
-4740
-4739
-4738
-4735
-4734
-4730
-4726
-4725
-4722
-4720
-4718
-4716
-4714
-4710
-4709
-4705
-4704
-4702
-4700
-4698
-4696
-4695
-4694
-4693
-4692
-4691
-4689
-4686
-4681
-4679
-4678
-4675
-4671
-4666
-4665
-4664
-4663
-4662
-4661
-4659
-4657
-4656
-4655
-4652
-4651
-4650
-4648
-4647
-4644
-4643
-4642
-4638
-4637
-4632
-4631
-4630
-4629
-4628
-4627
-4622
-4621
-4620
-4619
-4617
-4612
-4610
-4607
-4606
-4601
-4600
-4597
-4595
-4594
-4593
-4592
-4589
-4586
-4584
-4583
-4582
-4580
-4578
-4576
-4575
-4574
-4573
-4571
-4567
-4564
-4563
-4562
-4561
-4557
-4555
-4551
-4550
-4548
-4547
-4544
-4542
-4541
-4540
-4539
-4532
-4530
-4527
-4525
-4521
-4520
-4519
-4515
-4513
-4512
-4509
-4508
-4504
-4500
-4497
-4496
-4494
-4493
-4491
-4490
-4488
-4487
-4484
-4480
-4479
-4475
-4474
-4471
-4470
-4469
-4467
-4465
-4461
-4460
-4456
-4455
-4454
-4452
-4447
-4445
-4444
-4443
-4440
-4439
-4436
-4435
-4434
-4432
-4431
-4428
-4427
-4426
-4424
-4421
-4420
-4419
-4418
-4417
-4415
-4414
-4411
-4410
-4409
-4406
-4405
-4403
-4402
-4401
-4397
-4396
-4394
-4392
-4390
-4388
-4386
-4383
-4381
-4378
-4371
-4370
-4367
-4365
-4364
-4362
-4361
-4359
-4357
-4356
-4354
-4353
-4347
-4344
-4343
-4342
-4341
-4340
-4337
-4336
-4334
-4333
-4332
-4331
-4330
-4328
-4327
-4325
-4324
-4323
-4320
-4319
-4314
-4306
-4303
-4302
-4299
-4298
-4296
-4295
-4294
-4292
-4291
-4290
-4289
-4288
-4287
-4286
-4280
-4278
-4277
-4275
-4274
-4273
-4270
-4268
-4267
-4266
-4265
-4264
-4261
-4260
-4258
-4257
-4256
-4254
-4252
-4250
-4248
-4244
-4243
-4241
-4239
-4238
-4233
-4231
-4230
-4228
-4225
-4224
-4221
-4220
-4218
-4217
-4216
-4214
-4213
-4209
-4208
-4202
-4200
-4199
-4197
-4196
-4194
-4190
-4185
-4184
-4183
-4182
-4181
-4179
-4171
-4168
-4167
-4164
-4163
-4162
-4160
-4159
-4154
-4150
-4148
-4146
-4145
-4144
-4142
-4141
-4140
-4138
-4137
-4132
-4131
-4127
-4126
-4124
-4123
-4121
-4118
-4117
-4116
-4113
-4108
-4106
-4103
-4100
-4098
-4097
-4094
-4092
-4091
-4088
-4087
-4084
-4078
-4077
-4075
-4074
-4073
-4072
-4069
-4064
-4059
-4058
-4054
-4052
-4046
-4044
-4040
-4039
-4038
-4031
-4030
-4027
-4025
-4024
-4023
-4022
-4021
-4019
-4015
-4013
-4008
-4004
-4001
-4000
-3998
-3997
-3996
-3994
-3993
-3992
-3991
-3990
-3989
-3988
-3987
-3986
-3985
-3984
-3980
-3975
-3973
-3970
-3969
-3968
-3967
-3965
-3964
-3962
-3960
-3959
-3958
-3957
-3955
-3953
-3948
-3947
-3944
-3943
-3941
-3940
-3936
-3934
-3932
-3925
-3922
-3916
-3914
-3911
-3910
-3908
-3907
-3905
-3904
-3903
-3901
-3898
-3896
-3895
-3891
-3890
-3888
-3886
-3885
-3884
-3883
-3882
-3881
-3879
-3878
-3874
-3872
-3871
-3870
-3867
-3865
-3864
-3862
-3859
-3858
-3856
-3852
-3850
-3842
-3839
-3836
-3834
-3833
-3832
-3829
-3827
-3826
-3824
-3822
-3821
-3819
-3815
-3812
-3807
-3806
-3805
-3803
-3801
-3800
-3799
-3797
-3790
-3789
-3788
-3787
-3786
-3785
-3779
-3774
-3772
-3770
-3769
-3768
-3767
-3764
-3763
-3762
-3759
-3757
-3756
-3753
-3752
-3751
-3750
-3746
-3743
-3742
-3741
-3740
-3739
-3738
-3737
-3733
-3732
-3730
-3729
-3728
-3724
-3723
-3721
-3718
-3716
-3715
-3711
-3709
-3708
-3706
-3703
-3700
-3699
-3698
-3697
-3696
-3693
-3692
-3691
-3689
-3687
-3685
-3684
-3682
-3678
-3677
-3676
-3674
-3672
-3670
-3667
-3665
-3664
-3662
-3658
-3657
-3656
-3653
-3648
-3645
-3643
-3639
-3638
-3637
-3636
-3634
-3633
-3630
-3629
-3628
-3626
-3624
-3623
-3620
-3618
-3615
-3613
-3610
-3608
-3607
-3606
-3604
-3603
-3602
-3601
-3600
-3599
-3597
-3596
-3594
-3592
-3591
-3589
-3587
-3586
-3583
-3581
-3580
-3579
-3578
-3576
-3570
-3569
-3568
-3567
-3566
-3565
-3564
-3563
-3561
-3559
-3554
-3550
-3548
-3547
-3546
-3543
-3542
-3539
-3538
-3537
-3535
-3534
-3533
-3532
-3531
-3530
-3529
-3524
-3523
-3520
-3519
-3518
-3517
-3516
-3515
-3514
-3513
-3511
-3503
-3501
-3499
-3496
-3494
-3488
-3486
-3485
-3484
-3482
-3480
-3478
-3477
-3472
-3470
-3469
-3468
-3467
-3465
-3460
-3458
-3456
-3455
-3451
-3450
-3449
-3448
-3446
-3444
-3443
-3441
-3440
-3439
-3438
-3437
-3435
-3434
-3433
-3430
-3429
-3427
-3424
-3421
-3420
-3418
-3416
-3415
-3413
-3409
-3403
-3397
-3396
-3393
-3391
-3389
-3386
-3385
-3383
-3381
-3379
-3377
-3376
-3374
-3373
-3372
-3370
-3369
-3367
-3363
-3361
-3357
-3355
-3353
-3351
-3347
-3346
-3345
-3338
-3335
-3334
-3333
-3332
-3330
-3329
-3328
-3325
-3322
-3321
-3319
-3318
-3315
-3310
-3307
-3304
-3303
-3302
-3301
-3300
-3296
-3295
-3294
-3293
-3292
-3290
-3289
-3288
-3286
-3284
-3283
-3277
-3276
-3275
-3274
-3270
-3264
-3263
-3261
-3257
-3255
-3253
-3252
-3251
-3250
-3249
-3244
-3243
-3241
-3240
-3237
-3236
-3235
-3231
-3230
-3229
-3223
-3222
-3221
-3220
-3218
-3217
-3214
-3213
-3212
-3211
-3208
-3206
-3204
-3202
-3201
-3200
-3199
-3198
-3197
-3196
-3195
-3193
-3192
-3189
-3188
-3187
-3185
-3184
-3181
-3179
-3177
-3176
-3175
-3174
-3173
-3172
-3171
-3170
-3169
-3166
-3164
-3163
-3162
-3161
-3160
-3159
-3158
-3157
-3155
-3154
-3152
-3151
-3150
-3148
-3144
-3143
-3142
-3137
-3136
-3132
-3131
-3130
-3125
-3124
-3120
-3119
-3118
-3116
-3115
-3114
-3113
-3112
-3111
-3110
-3107
-3106
-3105
-3103
-3100
-3097
-3094
-3086
-3085
-3084
-3083
-3082
-3081
-3080
-3078
-3077
-3076
-3074
-3072
-3070
-3069
-3068
-3067
-3064
-3062
-3061
-3058
-3057
-3056
-3055
-3054
-3052
-3051
-3050
-3048
-3046
-3041
-3039
-3037
-3034
-3031
-3028
-3027
-3026
-3021
-3018
-3017
-3016
-3015
-3014
-3013
-3010
-3009
-3008
-3006
-3005
-3000
-2999
-2996
-2993
-2987
-2985
-2982
-2981
-2978
-2976
-2970
-2969
-2968
-2967
-2966
-2965
-2963
-2961
-2951
-2950
-2949
-2946
-2944
-2943
-2942
-2941
-2939
-2938
-2937
-2936
-2935
-2934
-2933
-2931
-2930
-2929
-2927
-2925
-2924
-2921
-2920
-2918
-2917
-2915
-2914
-2913
-2912
-2911
-2910
-2908
-2907
-2906
-2904
-2901
-2900
-2899
-2898
-2893
-2891
-2890
-2888
-2886
-2885
-2880
-2879
-2874
-2870
-2869
-2867
-2866
-2865
-2863
-2861
-2860
-2855
-2851
-2850
-2848
-2846
-2843
-2842
-2841
-2839
-2838
-2836
-2833
-2832
-2827
-2825
-2824
-2823
-2821
-2820
-2819
-2818
-2816
-2815
-2813
-2812
-2810
-2808
-2807
-2806
-2801
-2800
-2790
-2789
-2788
-2787
-2785
-2783
-2781
-2780
-2778
-2774
-2773
-2772
-2770
-2769
-2764
-2758
-2756
-2754
-2751
-2750
-2746
-2745
-2744
-2742
-2741
-2737
-2734
-2733
-2731
-2729
-2724
-2720
-2719
-2718
-2715
-2713
-2712
-2711
-2709
-2706
-2704
-2703
-2702
-2701
-2699
-2697
-2695
-2693
-2690
-2684
-2682
-2680
-2676
-2675
-2674
-2672
-2668
-2667
-2666
-2662
-2659
-2658
-2657
-2652
-2649
-2648
-2647
-2642
-2641
-2640
-2638
-2634
-2632
-2631
-2629
-2628
-2625
-2624
-2622
-2621
-2618
-2617
-2616
-2612
-2610
-2609
-2607
-2602
-2601
-2598
-2593
-2591
-2590
-2589
-2588
-2587
-2586
-2585
-2584
-2577
-2575
-2573
-2572
-2571
-2570
-2569
-2568
-2565
-2559
-2557
-2552
-2549
-2546
-2542
-2536
-2535
-2534
-2533
-2532
-2531
-2529
-2528
-2527
-2526
-2520
-2519
-2518
-2515
-2513
-2510
-2509
-2508
-2507
-2506
-2505
-2503
-2501
-2500
-2496
-2495
-2494
-2493
-2492
-2490
-2487
-2481
-2479
-2478
-2475
-2474
-2473
-2471
-2470
-2468
-2464
-2462
-2460
-2456
-2455
-2453
-2452
-2450
-2448
-2447
-2444
-2437
-2434
-2432
-2430
-2426
-2425
-2423
-2422
-2421
-2419
-2415
-2414
-2413
-2411
-2408
-2407
-2406
-2405
-2401
-2395
-2394
-2392
-2391
-2390
-2387
-2384
-2382
-2381
-2380
-2379
-2377
-2376
-2372
-2369
-2368
-2366
-2365
-2363
-2358
-2357
-2355
-2353
-2349
-2348
-2347
-2345
-2344
-2343
-2341
-2338
-2337
-2335
-2334
-2330
-2326
-2322
-2321
-2319
-2317
-2316
-2313
-2311
-2310
-2308
-2306
-2305
-2302
-2300
-2294
-2290
-2288
-2286
-2285
-2284
-2283
-2282
-2280
-2279
-2277
-2275
-2273
-2271
-2268
-2265
-2264
-2263
-2257
-2252
-2250
-2247
-2245
-2244
-2243
-2239
-2237
-2230
-2229
-2228
-2227
-2225
-2224
-2222
-2220
-2219
-2218
-2217
-2214
-2211
-2210
-2206
-2201
-2200
-2199
-2195
-2193
-2192
-2191
-2189
-2188
-2187
-2185
-2184
-2183
-2182
-2176
-2175
-2174
-2171
-2167
-2164
-2161
-2160
-2159
-2157
-2156
-2154
-2151
-2149
-2146
-2145
-2144
-2141
-2137
-2136
-2133
-2129
-2128
-2126
-2125
-2122
-2120
-2115
-2114
-2112
-2111
-2110
-2109
-2104
-2103
-2102
-2099
-2095
-2093
-2092
-2090
-2088
-2087
-2086
-2085
-2084
-2083
-2082
-2080
-2078
-2077
-2076
-2074
-2073
-2071
-2070
-2068
-2066
-2064
-2063
-2062
-2061
-2060
-2059
-2057
-2055
-2054
-2052
-2050
-2047
-2045
-2042
-2041
-2039
-2038
-2037
-2033
-2031
-2028
-2026
-2025
-2024
-2021
-2017
-2016
-2015
-2014
-2013
-2012
-2010
-2009
-2007
-2005
-2003
-2002
-1998
-1997
-1996
-1994
-1993
-1992
-1989
-1986
-1985
-1984
-1983
-1982
-1980
-1978
-1974
-1973
-1969
-1966
-1965
-1964
-1962
-1960
-1953
-1952
-1951
-1950
-1946
-1943
-1942
-1939
-1935
-1934
-1929
-1928
-1927
-1925
-1924
-1919
-1914
-1911
-1907
-1906
-1905
-1902
-1900
-1898
-1897
-1893
-1892
-1891
-1890
-1886
-1884
-1883
-1881
-1880
-1879
-1875
-1871
-1870
-1869
-1867
-1866
-1865
-1864
-1861
-1860
-1859
-1858
-1857
-1855
-1854
-1853
-1851
-1850
-1845
-1844
-1843
-1842
-1838
-1837
-1835
-1832
-1831
-1828
-1827
-1826
-1825
-1820
-1819
-1814
-1812
-1811
-1809
-1808
-1807
-1806
-1805
-1800
-1798
-1797
-1793
-1792
-1791
-1790
-1786
-1785
-1782
-1781
-1780
-1779
-1777
-1775
-1774
-1773
-1770
-1767
-1766
-1764
-1758
-1756
-1755
-1753
-1752
-1751
-1749
-1747
-1746
-1743
-1741
-1740
-1739
-1736
-1732
-1730
-1728
-1722
-1721
-1718
-1717
-1716
-1715
-1713
-1712
-1711
-1710
-1709
-1708
-1706
-1705
-1702
-1701
-1698
-1697
-1694
-1692
-1691
-1690
-1689
-1687
-1683
-1681
-1680
-1679
-1677
-1675
-1674
-1673
-1671
-1670
-1669
-1668
-1664
-1662
-1660
-1657
-1656
-1655
-1652
-1648
-1643
-1642
-1641
-1633
-1631
-1627
-1624
-1622
-1617
-1615
-1614
-1613
-1611
-1610
-1608
-1601
-1599
-1596
-1595
-1593
-1592
-1589
-1587
-1584
-1582
-1580
-1578
-1576
-1573
-1571
-1567
-1562
-1561
-1558
-1557
-1555
-1551
-1550
-1548
-1547
-1545
-1544
-1543
-1541
-1539
-1538
-1537
-1536
-1529
-1527
-1526
-1522
-1519
-1518
-1517
-1516
-1514
-1511
-1508
-1507
-1505
-1504
-1503
-1502
-1501
-1496
-1495
-1493
-1491
-1489
-1487
-1486
-1484
-1483
-1477
-1475
-1474
-1471
-1470
-1468
-1467
-1464
-1462
-1459
-1454
-1453
-1451
-1450
-1449
-1448
-1447
-1446
-1444
-1442
-1441
-1439
-1438
-1436
-1435
-1434
-1433
-1432
-1431
-1430
-1429
-1426
-1425
-1420
-1417
-1416
-1415
-1414
-1411
-1409
-1405
-1404
-1403
-1401
-1399
-1398
-1397
-1394
-1391
-1390
-1387
-1379
-1378
-1372
-1368
-1365
-1364
-1363
-1362
-1361
-1358
-1355
-1348
-1347
-1346
-1345
-1343
-1341
-1340
-1338
-1336
-1335
-1333
-1332
-1327
-1324
-1321
-1319
-1316
-1315
-1314
-1313
-1310
-1309
-1308
-1304
-1301
-1299
-1297
-1296
-1295
-1294
-1293
-1289
-1287
-1283
-1281
-1280
-1279
-1276
-1274
-1273
-1272
-1271
-1269
-1267
-1264
-1263
-1261
-1259
-1257
-1256
-1254
-1253
-1252
-1250
-1249
-1244
-1243
-1242
-1238
-1237
-1235
-1231
-1229
-1228
-1227
-1226
-1224
-1223
-1219
-1217
-1211
-1210
-1207
-1206
-1205
-1202
-1201
-1200
-1198
-1197
-1194
-1193
-1192
-1191
-1190
-1189
-1188
-1186
-1185
-1183
-1181
-1179
-1177
-1176
-1175
-1174
-1172
-1168
-1166
-1163
-1162
-1161
-1158
-1157
-1156
-1153
-1151
-1150
-1146
-1145
-1143
-1141
-1140
-1139
-1138
-1137
-1136
-1135
-1131
-1130
-1125
-1124
-1122
-1119
-1118
-1116
-1114
-1110
-1106
-1105
-1104
-1103
-1102
-1100
-1099
-1098
-1095
-1094
-1092
-1091
-1090
-1089
-1086
-1085
-1083
-1081
-1080
-1079
-1078
-1076
-1074
-1073
-1071
-1068
-1067
-1066
-1065
-1062
-1061
-1060
-1059
-1058
-1056
-1055
-1054
-1051
-1050
-1049
-1047
-1046
-1044
-1043
-1041
-1040
-1039
-1038
-1036
-1035
-1034
-1030
-1029
-1027
-1025
-1021
-1017
-1016
-1015
-1010
-1008
-1007
-1005
-1003
-1001
-998
-997
-995
-992
-990
-988
-984
-983
-982
-977
-970
-964
-963
-960
-957
-956
-954
-952
-951
-950
-947
-946
-945
-944
-938
-936
-930
-928
-927
-925
-923
-920
-919
-918
-916
-915
-914
-912
-910
-909
-904
-900
-899
-897
-896
-894
-893
-892
-891
-889
-882
-880
-879
-878
-877
-876
-872
-871
-867
-866
-865
-863
-862
-859
-856
-854
-851
-845
-841
-838
-837
-835
-833
-831
-829
-828
-826
-825
-824
-821
-816
-815
-814
-813
-812
-811
-810
-806
-805
-804
-800
-799
-798
-797
-793
-792
-790
-782
-776
-774
-772
-768
-763
-761
-759
-758
-757
-754
-752
-751
-747
-743
-742
-741
-738
-737
-735
-727
-725
-724
-723
-721
-720
-718
-717
-714
-713
-712
-710
-708
-706
-705
-701
-700
-697
-695
-690
-688
-687
-682
-680
-678
-677
-676
-675
-672
-670
-666
-665
-662
-661
-660
-658
-655
-652
-651
-648
-646
-645
-643
-640
-639
-638
-637
-634
-633
-632
-631
-630
-629
-628
-626
-622
-619
-618
-615
-614
-612
-611
-610
-608
-607
-606
-603
-600
-599
-598
-594
-592
-591
-588
-587
-585
-584
-582
-577
-575
-574
-573
-571
-570
-569
-567
-566
-565
-562
-560
-559
-558
-555
-552
-551
-550
-549
-547
-545
-536
-535
-534
-532
-530
-529
-527
-525
-523
-519
-518
-517
-515
-512
-510
-509
-508
-501
-498
-497
-494
-493
-490
-485
-484
-482
-481
-480
-479
-474
-466
-463
-462
-461
-458
-457
-454
-453
-449
-446
-445
-444
-443
-442
-439
-437
-434
-430
-429
-426
-425
-424
-421
-420
-419
-417
-416
-413
-411
-409
-407
-406
-403
-402
-400
-397
-393
-392
-391
-388
-387
-386
-385
-379
-377
-374
-372
-371
-370
-367
-366
-365
-363
-359
-358
-357
-356
-355
-352
-346
-345
-344
-343
-340
-339
-337
-336
-335
-334
-333
-328
-327
-325
-324
-322
-321
-318
-314
-312
-310
-309
-307
-303
-296
-292
-291
-289
-288
-287
-284
-281
-278
-275
-274
-273
-272
-270
-267
-258
-251
-247
-245
-244
-243
-237
-235
-233
-231
-230
-222
-219
-217
-216
-215
-214
-212
-210
-209
-208
-206
-205
-204
-201
-199
-198
-197
-195
-194
-190
-189
-185
-181
-179
-177
-175
-174
-172
-165
-164
-161
-157
-155
-153
-151
-149
-146
-142
-141
-139
-138
-137
-133
-132
-131
-130
-122
-116
-114
-113
-112
-109
-104
-102
-101
-99
-95
-94
-93
-91
-89
-88
-87
-86
-85
-83
-80
-78
-77
-74
-73
-71
-69
-67
-64
-63
-62
-61
-58
-55
-54
-52
-50
-48
-45
-44
-42
-41
-40
-37
-36
-35
-34
-33
-30
-28
-27
-25
-24
-22
-21
-20
-19
-15
-14
-13
-12
-11
-7
-1
0
1
3
8
10
12
13
17
21
23
24
25
26
28
29
30
32
34
35
37
38
39
41
43
45
46
47
50
51
52
53
57
58
59
62
63
66
68
69
70
71
72
73
74
75
76
79
80
83
84
85
86
87
89
90
92
94
97
98
101
104
105
110
114
115
118
119
120
122
127
133
134
135
136
138
140
141
142
143
144
147
152
156
157
159
161
163
164
169
170
172
175
177
181
183
186
190
191
196
199
200
202
203
204
206
207
212
213
216
228
229
230
231
233
234
236
238
239
244
245
248
250
251
252
253
254
255
256
257
260
263
264
265
266
269
271
273
275
276
280
281
283
284
285
291
292
295
296
298
301
302
303
304
308
309
310
311
316
317
318
321
324
328
329
331
332
336
341
343
347
348
349
350
353
357
358
359
360
363
365
367
368
369
370
371
375
378
385
386
387
388
393
394
395
404
407
413
414
418
419
420
421
425
426
428
433
434
435
437
440
441
446
448
450
457
460
461
466
468
469
472
474
476
479
482
483
484
485
486
489
490
492
493
494
496
497
499
500
501
505
509
511
513
515
517
519
521
523
525
526
530
531
534
535
536
539
540
542
543
544
545
547
548
551
554
556
558
559
560
564
567
570
572
575
577
579
581
583
589
590
592
593
594
595
596
601
602
603
607
608
609
612
614
615
619
622
624
625
626
629
631
634
635
636
639
641
642
645
646
647
652
653
654
656
657
658
662
664
667
672
673
674
675
679
680
681
682
683
684
686
688
689
690
694
700
702
703
704
705
706
708
709
711
713
714
715
716
719
722
724
725
727
729
730
731
732
735
738
739
740
741
742
743
744
745
746
747
748
749
750
752
753
755
756
757
758
759
761
763
766
770
771
772
773
774
777
778
779
780
781
782
783
784
786
800
802
803
805
806
807
810
811
812
813
819
820
821
822
823
824
825
826
829
834
835
836
838
839
841
842
844
846
847
852
853
854
856
857
858
859
862
866
867
868
871
874
875
877
887
890
896
897
898
899
901
902
904
905
907
910
912
914
915
916
917
918
921
926
928
930
934
936
940
942
944
946
947
948
950
951
952
954
957
959
960
962
963
968
971
972
973
979
980
982
986
987
988
991
994
997
998
999
1000
1003
1004
1005
1006
1007
1008
1009
1013
1014
1016
1017
1018
1019
1022
1024
1026
1028
1029
1030
1034
1036
1037
1039
1040
1041
1042
1043
1044
1048
1050
1051
1052
1054
1056
1061
1064
1066
1067
1068
1070
1073
1077
1081
1083
1085
1086
1092
1095
1096
1097
1099
1102
1103
1105
1106
1108
1114
1118
1119
1121
1125
1129
1134
1138
1139
1140
1141
1142
1144
1146
1148
1149
1150
1151
1153
1154
1156
1157
1158
1159
1160
1162
1164
1165
1167
1168
1169
1170
1171
1173
1174
1178
1179
1180
1182
1183
1184
1185
1188
1189
1191
1192
1193
1194
1197
1198
1199
1200
1202
1203
1207
1212
1216
1217
1218
1219
1221
1225
1226
1227
1228
1230
1231
1232
1233
1234
1235
1236
1237
1238
1239
1244
1245
1246
1249
1250
1252
1255
1256
1257
1259
1260
1261
1264
1266
1267
1268
1272
1274
1275
1277
1279
1280
1282
1283
1286
1287
1288
1289
1290
1291
1292
1293
1294
1296
1297
1299
1300
1301
1304
1308
1310
1312
1316
1319
1320
1321
1324
1326
1330
1333
1334
1335
1338
1342
1343
1344
1345
1346
1348
1349
1352
1353
1357
1359
1360
1361
1362
1365
1367
1369
1373
1374
1379
1380
1381
1384
1386
1387
1388
1391
1393
1394
1395
1396
1397
1398
1400
1403
1405
1407
1409
1410
1411
1414
1416
1417
1418
1420
1421
1422
1424
1425
1426
1427
1428
1429
1430
1432
1433
1434
1435
1441
1442
1443
1445
1448
1449
1450
1451
1452
1454
1455
1456
1458
1462
1464
1466
1469
1470
1471
1472
1476
1478
1481
1482
1483
1485
1486
1487
1488
1489
1491
1492
1493
1494
1495
1496
1497
1501
1502
1505
1506
1507
1509
1511
1513
1521
1522
1525
1526
1527
1529
1531
1532
1533
1546
1548
1552
1553
1554
1559
1560
1561
1562
1563
1564
1565
1566
1567
1568
1569
1573
1574
1576
1577
1582
1583
1586
1587
1589
1591
1594
1600
1602
1609
1612
1616
1618
1620
1622
1624
1632
1633
1635
1636
1637
1640
1641
1642
1643
1645
1647
1648
1649
1651
1652
1653
1656
1657
1658
1660
1661
1662
1663
1665
1667
1668
1671
1672
1674
1679
1680
1683
1685
1686
1687
1688
1693
1694
1695
1696
1698
1700
1702
1703
1704
1707
1711
1712
1714
1717
1722
1726
1727
1728
1729
1731
1732
1733
1734
1735
1737
1738
1739
1740
1741
1745
1750
1752
1756
1758
1761
1762
1763
1766
1767
1769
1772
1773
1775
1778
1780
1781
1782
1785
1786
1788
1790
1791
1793
1795
1797
1798
1799
1802
1804
1809
1810
1812
1815
1816
1819
1820
1821
1822
1823
1824
1826
1827
1828
1829
1830
1831
1832
1834
1839
1840
1842
1843
1844
1846
1847
1848
1849
1850
1853
1858
1861
1862
1863
1866
1868
1871
1873
1874
1876
1878
1880
1881
1883
1886
1889
1890
1892
1895
1897
1904
1906
1907
1913
1921
1923
1924
1925
1929
1932
1935
1937
1940
1943
1945
1946
1947
1949
1951
1952
1955
1960
1961
1963
1964
1965
1966
1967
1969
1973
1975
1978
1980
1981
1982
1985
1989
1993
1996
1997
1998
1999
2002
2007
2008
2010
2011
2012
2016
2018
2020
2021
2022
2023
2026
2027
2028
2029
2033
2035
2036
2038
2039
2041
2045
2046
2047
2050
2052
2055
2056
2057
2059
2064
2066
2067
2068
2069
2070
2073
2075
2077
2078
2080
2082
2083
2084
2088
2089
2090
2091
2092
2093
2095
2097
2102
2107
2108
2110
2111
2112
2115
2118
2119
2120
2124
2125
2126
2128
2129
2133
2134
2135
2136
2137
2138
2139
2141
2144
2145
2146
2150
2151
2152
2155
2157
2160
2161
2163
2164
2165
2167
2168
2169
2170
2173
2174
2177
2178
2180
2181
2183
2185
2186
2187
2189
2190
2193
2194
2198
2207
2208
2213
2214
2215
2216
2217
2219
2220
2222
2225
2226
2228
2229
2231
2233
2235
2236
2240
2243
2244
2245
2246
2247
2248
2250
2251
2252
2253
2254
2255
2256
2257
2264
2271
2272
2273
2274
2275
2276
2277
2282
2283
2285
2286
2290
2292
2293
2297
2299
2300
2302
2304
2305
2306
2309
2313
2314
2315
2316
2318
2319
2321
2323
2324
2326
2333
2334
2339
2344
2349
2350
2351
2352
2353
2355
2356
2357
2358
2362
2363
2364
2365
2367
2368
2369
2370
2371
2372
2373
2374
2375
2379
2382
2386
2387
2388
2390
2391
2392
2393
2396
2397
2402
2403
2404
2406
2411
2412
2415
2420
2421
2425
2431
2433
2437
2439
2440
2442
2443
2444
2446
2452
2457
2460
2462
2463
2464
2465
2466
2467
2468
2475
2477
2479
2480
2481
2482
2483
2484
2487
2488
2489
2490
2492
2495
2497
2499
2500
2501
2507
2513
2515
2516
2518
2519
2520
2522
2525
2528
2530
2531
2534
2535
2538
2540
2542
2543
2544
2546
2547
2555
2557
2559
2560
2561
2563
2564
2566
2568
2572
2573
2575
2578
2579
2582
2584
2585
2587
2591
2592
2594
2595
2597
2599
2600
2601
2605
2608
2609
2610
2611
2612
2613
2614
2616
2617
2620
2621
2623
2624
2627
2628
2631
2634
2636
2637
2641
2642
2643
2644
2645
2646
2649
2653
2656
2659
2662
2663
2668
2669
2670
2672
2673
2676
2677
2678
2683
2685
2686
2690
2691
2693
2694
2695
2696
2697
2699
2700
2707
2710
2712
2716
2718
2720
2722
2724
2725
2727
2732
2734
2735
2738
2739
2743
2744
2747
2748
2749
2751
2754
2755
2756
2758
2759
2760
2762
2763
2764
2765
2766
2768
2771
2772
2773
2774
2775
2777
2779
2780
2782
2791
2792
2794
2796
2799
2805
2807
2808
2809
2812
2814
2816
2818
2819
2820
2821
2822
2823
2827
2828
2829
2832
2833
2834
2836
2840
2842
2847
2849
2853
2855
2856
2857
2859
2862
2864
2866
2867
2869
2872
2874
2879
2881
2882
2883
2884
2886
2889
2893
2894
2896
2897
2898
2899
2901
2903
2905
2910
2915
2919
2930
2931
2934
2935
2937
2941
2944
2945
2947
2948
2952
2953
2954
2955
2956
2957
2960
2961
2962
2964
2965
2966
2967
2970
2974
2977
2980
2981
2982
2985
2988
2991
2995
2996
2997
2998
3000
3002
3003
3005
3006
3008
3009
3010
3012
3017
3018
3019
3021
3022
3025
3026
3031
3033
3035
3037
3039
3040
3043
3044
3047
3048
3050
3052
3055
3057
3060
3061
3062
3063
3064
3065
3068
3073
3075
3077
3078
3082
3085
3090
3093
3094
3097
3102
3104
3105
3107
3109
3110
3114
3115
3116
3120
3121
3122
3124
3127
3128
3132
3133
3134
3135
3140
3142
3145
3146
3147
3148
3150
3153
3157
3161
3163
3164
3166
3169
3171
3172
3173
3177
3178
3179
3180
3182
3185
3186
3187
3188
3189
3192
3198
3201
3202
3204
3205
3206
3207
3208
3209
3210
3212
3214
3215
3217
3218
3221
3227
3228
3230
3233
3235
3240
3241
3242
3245
3247
3249
3251
3253
3256
3257
3260
3263
3266
3268
3270
3271
3273
3274
3275
3276
3278
3280
3281
3282
3283
3284
3286
3287
3290
3291
3293
3294
3295
3296
3297
3300
3301
3302
3307
3309
3310
3312
3317
3318
3320
3321
3323
3324
3328
3329
3330
3335
3337
3338
3339
3340
3342
3343
3346
3348
3349
3354
3355
3359
3360
3362
3363
3367
3368
3369
3372
3373
3374
3376
3378
3379
3380
3381
3383
3384
3385
3387
3389
3394
3395
3397
3398
3401
3402
3403
3404
3405
3407
3408
3409
3412
3416
3418
3419
3421
3422
3423
3426
3429
3430
3431
3433
3434
3439
3440
3441
3445
3448
3451
3452
3453
3455
3457
3458
3459
3460
3465
3466
3467
3468
3469
3471
3472
3475
3476
3477
3478
3482
3484
3485
3486
3487
3492
3493
3498
3502
3503
3505
3506
3507
3509
3512
3514
3515
3516
3517
3519
3520
3521
3522
3525
3527
3528
3530
3531
3538
3539
3541
3543
3544
3545
3548
3549
3552
3554
3555
3557
3558
3559
3562
3568
3569
3571
3572
3577
3579
3580
3582
3583
3585
3587
3589
3590
3592
3595
3596
3598
3600
3602
3604
3610
3615
3616
3619
3621
3623
3627
3629
3634
3635
3636
3639
3640
3645
3646
3648
3651
3652
3653
3656
3657
3658
3660
3663
3665
3667
3668
3669
3671
3672
3673
3674
3675
3677
3678
3679
3680
3682
3684
3687
3688
3690
3693
3694
3695
3698
3700
3701
3702
3704
3705
3707
3708
3709
3712
3714
3715
3716
3719
3721
3722
3723
3730
3731
3733
3738
3740
3746
3749
3750
3751
3752
3754
3756
3758
3759
3761
3764
3769
3770
3771
3773
3778
3779
3780
3781
3783
3784
3785
3786
3787
3788
3789
3791
3792
3794
3795
3796
3804
3805
3806
3809
3810
3811
3813
3814
3816
3817
3818
3819
3821
3823
3824
3825
3827
3830
3833
3834
3839
3840
3841
3843
3844
3847
3848
3852
3860
3861
3862
3865
3867
3869
3873
3874
3875
3876
3883
3884
3886
3887
3888
3890
3892
3893
3895
3898
3901
3903
3904
3907
3912
3913
3914
3915
3919
3923
3925
3927
3928
3930
3932
3936
3937
3939
3942
3947
3949
3950
3951
3955
3961
3962
3965
3966
3967
3968
3969
3971
3973
3975
3976
3977
3978
3980
3982
3985
3989
3993
3994
3996
3997
3998
3999
4000
4001
4002
4004
4005
4006
4007
4008
4010
4011
4014
4016
4018
4020
4022
4023
4025
4026
4027
4030
4031
4033
4034
4036
4037
4039
4040
4042
4043
4045
4047
4049
4050
4052
4053
4055
4056
4057
4058
4060
4061
4063
4064
4065
4067
4070
4074
4075
4076
4077
4078
4079
4080
4083
4084
4085
4086
4087
4089
4090
4092
4096
4097
4098
4102
4103
4104
4105
4106
4107
4108
4109
4111
4112
4113
4114
4115
4116
4117
4120
4123
4124
4125
4126
4129
4130
4131
4134
4136
4137
4138
4139
4140
4141
4142
4147
4149
4153
4154
4156
4157
4158
4163
4164
4166
4168
4169
4170
4175
4176
4177
4178
4184
4186
4188
4189
4190
4192
4193
4194
4195
4196
4197
4198
4199
4202
4203
4204
4206
4207
4208
4212
4215
4219
4222
4224
4225
4226
4228
4229
4230
4234
4237
4239
4240
4242
4244
4249
4250
4251
4252
4255
4256
4258
4260
4261
4262
4264
4265
4267
4268
4269
4272
4273
4274
4278
4282
4283
4285
4287
4289
4292
4293
4295
4296
4299
4300
4301
4302
4307
4310
4312
4313
4314
4315
4316
4317
4320
4321
4322
4324
4325
4328
4331
4333
4334
4335
4336
4339
4342
4343
4344
4345
4346
4347
4350
4352
4355
4356
4357
4359
4362
4363
4364
4367
4371
4375
4376
4378
4380
4381
4382
4383
4384
4385
4388
4390
4391
4393
4395
4398
4399
4401
4402
4403
4404
4408
4410
4411
4412
4413
4414
4415
4416
4417
4418
4421
4424
4425
4426
4432
4434
4435
4436
4437
4438
4439
4440
4441
4443
4444
4445
4447
4450
4453
4454
4456
4458
4459
4463
4464
4465
4468
4470
4473
4475
4476
4477
4478
4480
4482
4483
4486
4487
4488
4489
4490
4491
4493
4495
4497
4498
4501
4502
4505
4514
4515
4516
4517
4518
4519
4521
4525
4526
4529
4530
4535
4536
4538
4539
4540
4541
4543
4544
4547
4548
4549
4551
4552
4556
4558
4559
4560
4563
4564
4567
4569
4572
4573
4574
4575
4577
4578
4580
4581
4586
4587
4590
4592
4595
4599
4604
4606
4607
4610
4612
4616
4618
4619
4620
4625
4626
4629
4630
4631
4632
4636
4640
4644
4646
4647
4651
4652
4653
4655
4656
4658
4660
4661
4663
4668
4669
4672
4673
4675
4677
4678
4679
4680
4682
4689
4694
4695
4696
4700
4702
4703
4704
4705
4706
4707
4711
4712
4713
4720
4721
4722
4726
4727
4728
4732
4733
4736
4740
4742
4746
4747
4748
4749
4750
4753
4757
4758
4763
4764
4766
4770
4771
4775
4777
4778
4779
4780
4784
4785
4786
4787
4790
4791
4796
4801
4803
4805
4806
4807
4808
4812
4818
4821
4822
4823
4824
4825
4826
4827
4830
4831
4832
4834
4836
4837
4838
4840
4844
4845
4846
4848
4851
4852
4854
4856
4857
4863
4864
4865
4866
4868
4870
4871
4878
4880
4887
4889
4890
4893
4896
4900
4901
4902
4905
4908
4909
4910
4912
4920
4922
4923
4925
4928
4929
4930
4931
4936
4938
4940
4942
4944
4946
4947
4948
4949
4950
4951
4954
4959
4963
4964
4967
4968
4970
4972
4976
4977
4983
4984
4986
4987
4988
4989
4990
4992
4997
4998
4999
