10000
9998
9996
9995
9993
9992
9991
9990
9989
9988
9982
9978
9977
9976
9975
9970
9969
9966
9963
9961
9960
9956
9955
9954
9952
9949
9946
9945
9943
9942
9941
9939
9937
9936
9935
9931
9929
9925
9924
9922
9921
9918
9917
9916
9914
9911
9909
9908
9907
9906
9904
9903
9901
9897
9894
9893
9891
9887
9885
9881
9879
9878
9876
9875
9872
9870
9869
9867
9866
9865
9864
9863
9862
9858
9857
9854
9853
9852
9848
9846
9845
9844
9840
9839
9838
9837
9835
9834
9831
9830
9826
9825
9823
9821
9817
9815
9814
9806
9805
9802
9801
9800
9798
9797
9795
9794
9792
9790
9789
9787
9784
9783
9782
9780
9778
9777
9775
9774
9771
9768
9767
9764
9763
9762
9761
9760
9759
9758
9756
9755
9754
9753
9752
9749
9747
9746
9742
9741
9740
9739
9735
9734
9733
9730
9729
9728
9727
9722
9721
9716
9715
9713
9712
9710
9709
9708
9707
9705
9704
9702
9700
9699
9697
9692
9690
9689
9688
9687
9686
9684
9682
9681
9678
9676
9674
9673
9669
9666
9665
9662
9661
9658
9657
9654
9653
9647
9646
9645
9643
9641
9640
9639
9633
9632
9630
9629
9627
9626
9623
9621
9620
9619
9618
9617
9615
9614
9613
9611
9609
9607
9606
9604
9603
9598
9593
9590
9589
9588
9587
9582
9580
9579
9577
9574
9571
9564
9562
9561
9557
9556
9554
9553
9552
9548
9547
9546
9544
9540
9539
9538
9536
9535
9533
9532
9529
9525
9522
9521
9520
9519
9517
9515
9514
9512
9506
9505
9504
9503
9502
9501
9500
9499
9498
9496
9494
9493
9491
9489
9488
9487
9484
9481
9480
9479
9473
9471
9463
9461
9460
9456
9455
9454
9451
9448
9446
9445
9442
9440
9439
9438
9437
9434
9432
9430
9429
9427
9426
9425
9424
9422
9421
9420
9418
9415
9414
9411
9410
9409
9408
9406
9404
9402
9401
9398
9397
9392
9390
9389
9387
9385
9384
9383
9381
9380
9378
9376
9375
9371
9367
9365
9364
9363
9360
9353
9351
9350
9349
9347
9345
9338
9336
9335
9334
9333
9332
9331
9328
9327
9326
9325
9323
9317
9316
9314
9313
9312
9311
9310
9309
9307
9306
9304
9302
9296
9295
9294
9291
9290
9289
9287
9286
9285
9282
9280
9279
9278
9276
9275
9273
9271
9270
9269
9268
9266
9265
9264
9263
9262
9258
9257
9256
9255
9252
9251
9250
9249
9248
9247
9245
9243
9242
9241
9239
9237
9236
9235
9233
9231
9228
9227
9226
9225
9224
9223
9222
9220
9215
9214
9212
9209
9207
9206
9205
9204
9203
9202
9197
9196
9193
9192
9188
9184
9179
9177
9173
9171
9170
9168
9165
9164
9159
9158
9157
9156
9155
9154
9151
9150
9149
9146
9145
9143
9141
9139
9138
9137
9135
9133
9131
9129
9128
9125
9124
9122
9121
9119
9118
9117
9115
9114
9113
9112
9111
9109
9107
9105
9104
9103
9102
9101
9100
9099
9097
9096
9093
9090
9085
9084
9081
9080
9076
9069
9068
9067
9064
9061
9058
9057
9056
9051
9049
9048
9047
9045
9042
9041
9040
9039
9038
9036
9034
9033
9030
9027
9025
9022
9021
9020
9018
9017
9015
9013
9012
9011
9010
9008
9004
9003
9001
8998
8995
8994
8992
8991
8990
8987
8986
8984
8982
8981
8979
8978
8972
8970
8969
8967
8966
8965
8964
8963
8961
8960
8951
8949
8945
8944
8943
8942
8940
8939
8936
8933
8932
8929
8928
8927
8924
8923
8922
8918
8915
8913
8912
8911
8909
8908
8907
8903
8902
8901
8900
8899
8898
8895
8891
8886
8885
8883
8881
8880
8879
8878
8874
8873
8869
8867
8866
8864
8863
8862
8861
8860
8859
8857
8856
8851
8850
8849
8848
8846
8845
8842
8841
8838
8837
8836
8835
8834
8833
8830
8829
8828
8827
8826
8824
8823
8821
8820
8819
8815
8811
8807
8805
8803
8802
8801
8800
8799
8796
8792
8786
8784
8783
8782
8779
8777
8775
8774
8772
8769
8766
8762
8761
8760
8759
8756
8755
8753
8750
8749
8747
8741
8739
8738
8735
8732
8730
8729
8728
8725
8724
8722
8719
8716
8715
8713
8712
8709
8708
8707
8703
8697
8688
8686
8681
8680
8677
8676
8675
8673
8672
8671
8669
8666
8662
8660
8659
8658
8657
8654
8653
8651
8650
8649
8643
8642
8640
8639
8632
8630
8627
8621
8619
8618
8617
8616
8615
8614
8613
8608
8606
8605
8604
8598
8595
8594
8592
8591
8588
8586
8584
8581
8575
8572
8571
8570
8569
8568
8567
8565
8561
8560
8559
8558
8556
8551
8547
8545
8544
8541
8540
8539
8538
8537
8535
8534
8532
8531
8528
8527
8525
8523
8522
8520
8519
8518
8516
8515
8513
8509
8508
8505
8504
8500
8498
8496
8494
8491
8487
8482
8478
8476
8475
8474
8473
8472
8471
8470
8469
8467
8465
8463
8461
8458
8456
8452
8451
8450
8449
8447
8446
8443
8440
8438
8437
8436
8434
8433
8431
8428
8425
8424
8423
8421
8420
8418
8415
8414
8412
8411
8410
8407
8405
8403
8401
8395
8392
8391
8389
8386
8379
8378
8377
8376
8375
8373
8372
8369
8364
8362
8361
8360
8359
8357
8356
8355
8350
8349
8346
8345
8344
8342
8341
8339
8336
8334
8330
8328
8326
8325
8322
8319
8315
8313
8310
8309
8308
8307
8305
8304
8303
8302
8301
8296
8293
8292
8290
8289
8288
8287
8286
8282
8280
8279
8278
8274
8273
8272
8268
8263
8261
8259
8258
8255
8253
8251
8250
8249
8248
8246
8243
8242
8241
8239
8238
8232
8230
8227
8226
8224
8221
8220
8218
8212
8210
8207
8204
8203
8200
8198
8197
8193
8192
8190
8188
8187
8186
8185
8182
8181
8180
8174
8169
8167
8165
8163
8162
8160
8156
8152
8151
8149
8148
8145
8143
8138
8137
8136
8134
8132
8131
8129
8127
8123
8122
8120
8115
8113
8111
8110
8109
8107
8106
8102
8099
8097
8095
8089
8088
8087
8086
8085
8084
8083
8079
8077
8073
8072
8071
8070
8069
8067
8066
8065
8063
8061
8057
8056
8053
8052
8050
8049
8048
8046
8044
8043
8042
8041
8040
8039
8038
8037
8034
8033
8032
8031
8030
8028
8024
8023
8022
8021
8019
8017
8015
8014
8013
8011
8002
7997
7993
7992
7989
7987
7986
7982
7981
7976
7975
7973
7972
7970
7969
7967
7965
7964
7963
7962
7961
7960
7959
7958
7957
7956
7951
7950
7948
7946
7945
7944
7942
7941
7939
7937
7936
7935
7934
7933
7932
7931
7930
7928
7927
7926
7925
7923
7922
7921
7920
7919
7918
7915
7914
7913
7908
7906
7903
7902
7898
7897
7895
7894
7891
7888
7886
7883
7882
7881
7880
7879
7877
7870
7869
7867
7866
7865
7859
7858
7848
7844
7842
7837
7834
7833
7832
7831
7830
7829
7826
7824
7822
7820
7819
7818
7817
7815
7814
7813
7812
7810
7808
7805
7801
7799
7798
7789
7788
7787
7785
7784
7783
7774
7773
7772
7770
7769
7767
7765
7763
7762
7760
7758
7754
7751
7748
7746
7741
7736
7733
7732
7726
7725
7723
7722
7721
7720
7718
7717
7713
7709
7706
7703
7701
7698
7697
7696
7695
7694
7692
7688
7687
7686
7684
7683
7682
7681
7678
7677
7676
7675
7674
7673
7672
7671
7666
7664
7662
7658
7657
7656
7655
7652
7649
7648
7644
7642
7640
7639
7637
7636
7635
7634
7633
7630
7629
7627
7626
7625
7622
7620
7618
7617
7615
7614
7613
7612
7611
7607
7600
7599
7596
7594
7592
7589
7588
7586
7582
7581
7577
7571
7569
7568
7565
7563
7561
7560
7559
7553
7551
7550
7549
7546
7543
7542
7540
7539
7538
7537
7534
7532
7530
7529
7528
7527
7526
7525
7524
7523
7519
7514
7511
7508
7506
7505
7503
7502
7501
7499
7498
7496
7494
7493
7491
7487
7485
7484
7482
7478
7477
7472
7471
7469
7468
7467
7466
7465
7463
7462
7461
7459
7455
7454
7452
7450
7447
7446
7444
7443
7440
7439
7438
7437
7436
7432
7431
7427
7426
7422
7421
7420
7416
7411
7410
7409
7408
7407
7406
7405
7404
7402
7399
7397
7393
7392
7391
7389
7388
7387
7385
7382
7378
7377
7376
7375
7374
7373
7371
7368
7364
7361
7360
7359
7357
7355
7354
7352
7351
7350
7347
7346
7345
7344
7343
7340
7338
7337
7335
7333
7331
7329
7326
7325
7323
7322
7321
7320
7314
7312
7309
7307
7305
7304
7303
7302
7301
7299
7296
7293
7292
7289
7288
7284
7282
7281
7280
7279
7277
7275
7274
7273
7263
7262
7261
7260
7259
7258
7253
7251
7246
7244
7243
7242
7241
7238
7233
7231
7229
7228
7226
7225
7224
7223
7221
7218
7217
7216
7214
7213
7211
7208
7207
7205
7204
7203
7200
7198
7195
7192
7190
7188
7187
7184
7183
7180
7179
7178
7177
7176
7173
7167
7166
7161
7157
7151
7150
7149
7147
7145
7141
7140
7136
7135
7133
7131
7130
7123
7122
7121
7118
7116
7115
7114
7112
7108
7107
7106
7105
7101
7095
7093
7091
7090
7086
7084
7083
7079
7077
7076
7075
7072
7071
7067
7066
7064
7060
7059
7058
7053
7051
7049
7048
7047
7045
7043
7042
7041
7038
7036
7033
7032
7029
7027
7026
7024
7023
7020
7019
7018
7017
7016
7015
7014
7013
7011
7010
7007
7006
7005
7004
7002
7000
6997
6996
6992
6989
6987
6986
6984
6982
6980
6979
6978
6977
6976
6975
6973
6972
6971
6969
6968
6967
6966
6964
6963
6962
6958
6956
6952
6951
6950
6949
6948
6944
6943
6942
6941
6940
6937
6934
6933
6932
6931
6929
6927
6926
6925
6924
6923
6919
6918
6914
6912
6910
6909
6908
6905
6904
6903
6902
6901
6899
6898
6896
6894
6893
6890
6888
6887
6885
6884
6879
6878
6877
6875
6874
6871
6869
6867
6863
6862
6861
6857
6856
6855
6854
6852
6851
6849
6846
6844
6842
6837
6836
6834
6833
6832
6829
6828
6826
6824
6823
6822
6820
6818
6816
6813
6812
6810
6808
6807
6803
6801
6799
6797
6796
6793
6792
6791
6789
6786
6785
6783
6782
6779
6776
6773
6772
6771
6770
6769
6767
6766
6765
6764
6763
6762
6761
6760
6759
6756
6753
6750
6748
6747
6746
6743
6741
6739
6738
6737
6736
6733
6731
6730
6729
6728
6727
6725
6723
6719
6715
6710
6705
6704
6703
6691
6689
6688
6685
6682
6678
6676
6673
6672
6671
6670
6668
6661
6659
6658
6657
6656
6653
6652
6649
6648
6645
6644
6637
6635
6634
6633
6632
6631
6630
6628
6626
6624
6620
6619
6618
6617
6616
6615
6611
6610
6609
6607
6606
6605
6599
6596
6594
6593
6592
6591
6590
6589
6587
6584
6583
6580
6579
6576
6575
6574
6570
6569
6566
6562
6561
6559
6558
6556
6553
6552
6547
6546
6545
6543
6542
6540
6539
6538
6537
6536
6535
6534
6533
6532
6531
6530
6529
6527
6525
6523
6519
6518
6516
6515
6513
6510
6509
6508
6507
6504
6502
6501
6496
6495
6494
6492
6490
6488
6486
6485
6484
6483
6481
6480
6479
6478
6477
6475
6473
6472
6471
6470
6469
6467
6465
6462
6461
6460
6459
6457
6455
6453
6452
6450
6446
6443
6442
6441
6439
6435
6428
6427
6425
6424
6423
6420
6418
6417
6415
6413
6411
6409
6407
6405
6403
6399
6396
6395
6390
6389
6387
6385
6384
6383
6382
6379
6378
6375
6374
6373
6372
6370
6369
6363
6362
6359
6357
6354
6344
6341
6340
6338
6337
6336
6334
6330
6326
6323
6320
6319
6317
6316
6315
6313
6307
6305
6304
6300
6297
6296
6295
6294
6293
6292
6291
6290
6289
6284
6283
6282
6279
6278
6277
6275
6272
6271
6269
6267
6266
6259
6258
6257
6256
6255
6252
6251
6248
6247
6245
6243
6240
6239
6238
6231
6230
6227
6226
6223
6220
6219
6217
6216
6214
6212
6208
6206
6204
6201
6199
6198
6194
6193
6192
6191
6186
6185
6183
6180
6175
6169
6165
6164
6162
6159
6158
6157
6154
6150
6149
6136
6135
6134
6133
6129
6126
6124
6121
6115
6114
6113
6112
6110
6109
6104
6100
6097
6092
6091
6090
6089
6088
6087
6086
6083
6079
6078
6077
6076
6075
6071
6070
6069
6068
6067
6065
6063
6061
6055
6053
6050
6049
6048
6045
6044
6040
6039
6037
6036
6030
6028
6027
6026
6025
6024
6018
6015
6011
6010
6008
6006
6003
6000
5998
5996
5995
5993
5992
5990
5989
5986
5984
5982
5979
5978
5977
5974
5973
5971
5970
5968
5964
5963
5962
5959
5957
5955
5954
5953
5951
5949
5947
5946
5945
5943
5941
5939
5936
5934
5930
5929
5928
5926
5925
5924
5922
5919
5918
5917
5916
5914
5913
5912
5911
5910
5909
5905
5903
5901
5897
5895
5894
5893
5891
5890
5887
5886
5883
5882
5880
5878
5877
5876
5875
5873
5870
5868
5867
5864
5862
5861
5860
5858
5857
5856
5855
5847
5845
5844
5842
5838
5836
5835
5834
5833
5832
5828
5827
5826
5825
5824
5823
5822
5815
5814
5813
5810
5809
5807
5806
5804
5803
5802
5800
5798
5797
5796
5793
5792
5791
5789
5788
5786
5785
5782
5776
5774
5773
5772
5769
5768
5767
5765
5762
5760
5759
5758
5757
5756
5755
5754
5753
5752
5751
5747
5746
5745
5744
5743
5738
5737
5735
5733
5731
5729
5728
5727
5724
5723
5718
5714
5713
5709
5707
5701
5700
5696
5695
5694
5693
5692
5691
5690
5689
5688
5686
5685
5684
5683
5682
5680
5679
5676
5675
5674
5673
5671
5669
5665
5664
5662
5660
5658
5657
5656
5655
5654
5652
5651
5645
5642
5641
5640
5637
5636
5635
5634
5631
5630
5627
5623
5616
5614
5613
5612
5611
5610
5608
5606
5604
5599
5598
5597
5591
5588
5586
5579
5577
5576
5575
5569
5568
5566
5564
5563
5562
5561
5557
5556
5555
5554
5553
5551
5547
5546
5543
5541
5540
5538
5537
5536
5533
5532
5529
5528
5525
5523
5522
5521
5514
5512
5510
5509
5507
5506
5503
5502
5501
5500
5498
5497
5496
5495
5494
5493
5492
5487
5483
5482
5479
5478
5476
5474
5473
5472
5471
5470
5468
5466
5465
5464
5461
5455
5454
5451
5448
5447
5442
5439
5434
5433
5430
5429
5428
5426
5425
5423
5422
5420
5419
5417
5415
5414
5412
5407
5406
5403
5402
5401
5400
5395
5391
5390
5384
5383
5380
5379
5377
5376
5375
5374
5372
5367
5365
5363
5361
5358
5357
5356
5354
5352
5351
5350
5349
5345
5340
5339
5338
5337
5336
5335
5333
5332
5330
5328
5327
5325
5324
5323
5322
5320
5319
5318
5315
5314
5311
5310
5308
5304
5303
5302
5298
5297
5295
5292
5289
5288
5287
5284
5280
5276
5275
5270
5267
5264
5260
5258
5255
5253
5249
5247
5246
5245
5243
5240
5238
5237
5236
5233
5232
5231
5230
5228
5225
5222
5219
5218
5215
5214
5212
5209
5208
5205
5204
5203
5202
5201
5200
5199
5198
5197
5196
5191
5189
5188
5187
5186
5184
5183
5182
5179
5178
5176
5174
5172
5170
5169
5168
5167
5161
5159
5156
5155
5153
5150
5145
5144
5143
5142
5141
5139
5138
5136
5135
5134
5130
5128
5126
5125
5124
5123
5120
5118
5114
5112
5110
5107
5101
5100
5099
5098
5094
5092
5091
5090
5087
5082
5080
5079
5078
5077
5074
5073
5071
5069
5067
5064
5063
5061
5059
5057
5056
5052
5050
5048
5046
5045
5044
5043
5041
5040
5039
5035
5034
5029
5028
5021
5020
5016
5015
5014
5012
5009
5007
5006
5004
5002
5001
5000
4998
4996
4994
4993
4992
4990
4985
4984
4983
4982
4978
4977
4976
4972
4971
4969
4968
4967
4966
4964
4963
4962
4961
4960
4957
4956
4955
4953
4950
4946
4943
4941
4939
4936
4935
4934
4932
4931
4928
4926
4922
4921
4919
4916
4915
4911
4910
4908
4907
4906
4905
4904
4902
4901
4900
4899
4898
4897
4894
4893
4888
4887
4885
4882
4880
4877
4876
4875
4873
4872
4871
4867
4866
4862
4861
4860
4858
4857
4855
4854
4853
4851
4850
4848
4847
4844
4842
4840
4839
4835
4832
4831
4830
4829
4828
4827
4826
4825
4824
4823
4822
4821
4820
4817
4815
4814
4812
4811
4810
4808
4807
4806
4805
4803
4797
4794
4793
4789
4786
4784
4782
4778
4772
4770
4767
4765
4764
4763
4758
4757
4755
4754
4749
4747
4746
4743
4742
4741
4739
4736
4733
4730
4729
4728
4727
4726
4725
4721
4720
4719
4718
4716
4712
4710
4709
4708
4707
4706
4705
4702
4699
4697
4696
4694
4693
4692
4690
4689
4687
4685
4684
4681
4680
4678
4676
4669
4668
4667
4666
4665
4664
4663
4662
4659
4657
4655
4653
4652
4649
4648
4647
4646
4643
4642
4640
4635
4634
4633
4631
4629
4628
4625
4623
4622
4621
4619
4617
4616
4614
4612
4611
4609
4608
4607
4605
4601
4599
4598
4595
4593
4590
4585
4584
4583
4580
4578
4576
4575
4574
4573
4572
4564
4562
4560
4559
4558
4556
4555
4553
4550
4546
4545
4544
4543
4542
4541
4540
4539
4538
4537
4536
4532
4531
4527
4526
4524
4522
4520
4518
4516
4515
4514
4511
4508
4507
4503
4499
4498
4497
4494
4492
4491
4490
4489
4485
4484
4483
4482
4481
4480
4479
4473
4471
4466
4464
4462
4460
4458
4457
4455
4449
4446
4438
4437
4436
4435
4430
4429
4428
4427
4424
4422
4420
4412
4406
4403
4401
4400
4397
4395
4394
4392
4391
4389
4385
4382
4381
4380
4377
4375
4374
4371
4370
4369
4367
4365
4364
4363
4361
4360
4358
4357
4356
4354
4353
4352
4350
4349
4347
4345
4343
4341
4340
4339
4338
4335
4332
4331
4330
4329
4328
4326
4321
4318
4315
4314
4312
4311
4308
4305
4301
4300
4299
4297
4296
4295
4294
4293
4292
4291
4290
4289
4287
4286
4281
4279
4277
4276
4275
4273
4272
4270
4268
4266
4265
4264
4261
4259
4258
4257
4255
4252
4251
4248
4246
4245
4238
4237
4235
4234
4233
4230
4229
4228
4226
4222
4221
4216
4214
4211
4209
4206
4205
4203
4201
4200
4199
4195
4194
4193
4192
4187
4185
4182
4180
4179
4178
4177
4175
4170
4169
4168
4167
4166
4165
4163
4162
4160
4157
4155
4148
4147
4143
4141
4139
4138
4136
4131
4130
4129
4124
4123
4120
4119
4117
4116
4114
4111
4108
4107
4106
4105
4101
4099
4098
4097
4095
4094
4090
4086
4083
4081
4078
4077
4075
4073
4072
4070
4068
4065
4064
4063
4062
4061
4059
4055
4054
4053
4051
4047
4044
4039
4037
4035
4031
4029
4028
4027
4024
4022
4021
4020
4019
4018
4015
4014
4013
4010
4008
4004
4000
3999
3998
3997
3995
3991
3988
3986
3984
3983
3979
3978
3976
3972
3970
3967
3966
3965
3961
3960
3959
3958
3957
3953
3950
3949
3948
3946
3945
3944
3943
3942
3935
3932
3929
3927
3924
3922
3919
3918
3916
3913
3911
3910
3909
3906
3898
3897
3894
3893
3890
3889
3887
3885
3884
3881
3880
3879
3878
3877
3876
3875
3873
3869
3868
3865
3864
3863
3862
3861
3858
3856
3855
3854
3853
3852
3851
3850
3849
3845
3844
3842
3841
3840
3837
3836
3831
3829
3828
3825
3824
3823
3822
3821
3818
3813
3812
3811
3810
3808
3806
3805
3802
3801
3800
3799
3792
3791
3787
3785
3783
3782
3780
3778
3777
3776
3773
3772
3764
3763
3762
3760
3757
3756
3754
3752
3751
3750
3742
3741
3739
3736
3735
3731
3730
3729
3721
3720
3718
3715
3713
3711
3710
3709
3707
3706
3705
3704
3702
3701
3699
3698
3697
3695
3691
3690
3688
3687
3686
3682
3681
3680
3678
3677
3675
3674
3673
3672
3669
3668
3667
3666
3663
3661
3660
3659
3657
3656
3655
3652
3651
3645
3642
3641
3640
3635
3634
3633
3631
3630
3627
3625
3624
3620
3619
3617
3616
3614
3613
3611
3609
3607
3604
3603
3601
3598
3597
3596
3595
3594
3588
3586
3585
3581
3576
3575
3574
3565
3564
3562
3559
3557
3556
3555
3554
3552
3550
3549
3548
3547
3546
3545
3544
3543
3540
3539
3538
3536
3535
3534
3531
3530
3529
3528
3527
3525
3524
3523
3522
3520
3517
3514
3513
3512
3511
3509
3504
3502
3501
3500
3499
3498
3497
3496
3493
3489
3488
3485
3482
3481
3480
3479
3477
3475
3473
3471
3470
3469
3466
3464
3463
3462
3461
3458
3456
3455
3452
3448
3447
3446
3444
3439
3438
3436
3434
3430
3428
3426
3422
3421
3420
3418
3416
3414
3413
3410
3409
3407
3406
3405
3404
3403
3398
3396
3395
3394
3393
3391
3389
3384
3383
3382
3376
3374
3373
3372
3371
3370
3369
3365
3364
3363
3360
3357
3356
3353
3351
3350
3349
3346
3345
3344
3342
3341
3339
3337
3336
3335
3334
3331
3329
3328
3327
3326
3321
3318
3314
3313
3312
3307
3306
3305
3304
3300
3299
3297
3295
3291
3290
3288
3281
3280
3279
3278
3276
3273
3271
3268
3265
3263
3260
3259
3258
3256
3251
3250
3249
3248
3246
3241
3234
3230
3229
3226
3223
3222
3221
3213
3212
3210
3208
3207
3205
3203
3198
3194
3193
3188
3186
3185
3184
3181
3180
3178
3175
3171
3170
3169
3167
3165
3161
3160
3159
3155
3153
3152
3151
3150
3149
3146
3144
3143
3136
3133
3131
3127
3126
3125
3123
3121
3120
3118
3117
3115
3114
3113
3112
3111
3108
3106
3105
3103
3101
3100
3098
3097
3096
3095
3094
3090
3087
3086
3085
3084
3081
3080
3077
3076
3075
3074
3070
3068
3066
3065
3064
3063
3062
3061
3059
3058
3057
3055
3053
3051
3044
3041
3039
3036
3035
3031
3030
3029
3027
3025
3024
3023
3022
3021
3019
3018
3014
3012
3011
3009
3008
3007
3006
3005
3001
2998
2997
2996
2992
2987
2986
2983
2982
2980
2979
2978
2974
2970
2969
2966
2965
2962
2959
2958
2957
2956
2949
2948
2947
2946
2945
2943
2942
2941
2940
2939
2937
2936
2935
2933
2932
2929
2924
2921
2920
2919
2918
2917
2915
2912
2906
2905
2904
2903
2901
2898
2893
2892
2891
2890
2888
2887
2882
2880
2879
2877
2874
2873
2869
2867
2863
2860
2859
2858
2854
2852
2851
2849
2848
2845
2844
2843
2837
2836
2829
2822
2821
2820
2818
2817
2815
2814
2812
2811
2809
2802
2801
2800
2799
2798
2796
2795
2791
2788
2786
2784
2783
2782
2780
2779
2777
2773
2767
2760
2759
2757
2756
2754
2752
2751
2750
2749
2748
2747
2746
2745
2744
2739
2738
2734
2733
2730
2729
2728
2727
2726
2725
2724
2722
2721
2719
2716
2712
2710
2707
2704
2703
2702
2700
2699
2697
2696
2693
2692
2691
2687
2686
2684
2682
2677
2673
2672
2671
2669
2667
2666
2664
2663
2660
2657
2653
2652
2647
2646
2643
2642
2641
2640
2639
2635
2634
2628
2624
2623
2619
2618
2617
2616
2613
2612
2610
2608
2603
2601
2598
2596
2595
2594
2592
2591
2590
2589
2588
2587
2585
2583
2580
2577
2575
2569
2568
2565
2563
2561
2558
2556
2553
2551
2549
2547
2546
2544
2539
2534
2533
2532
2531
2529
2528
2527
2523
2522
2521
2520
2518
2517
2516
2515
2512
2509
2506
2505
2504
2498
2497
2496
2494
2492
2490
2489
2484
2479
2477
2475
2474
2471
2468
2465
2463
2462
2461
2459
2458
2454
2450
2448
2447
2445
2443
2441
2438
2437
2435
2434
2433
2432
2430
2429
2428
2427
2426
2425
2424
2422
2421
2420
2419
2418
2414
2413
2412
2411
2410
2406
2403
2400
2399
2398
2394
2392
2387
2386
2385
2384
2382
2379
2377
2375
2374
2372
2371
2370
2369
2368
2366
2365
2363
2362
2361
2359
2355
2354
2352
2350
2349
2348
2347
2346
2345
2344
2343
2340
2338
2337
2336
2334
2332
2330
2329
2327
2324
2323
2321
2320
2319
2318
2315
2314
2313
2312
2309
2308
2304
2302
2301
2300
2299
2297
2294
2292
2289
2287
2284
2283
2281
2279
2278
2277
2275
2274
2273
2272
2268
2264
2262
2259
2257
2256
2253
2251
2248
2246
2245
2242
2241
2238
2237
2236
2235
2233
2230
2229
2228
2227
2226
2223
2222
2221
2219
2218
2216
2215
2214
2213
2212
2203
2202
2201
2198
2196
2194
2191
2190
2188
2185
2184
2180
2176
2172
2170
2169
2167
2166
2163
2162
2161
2160
2157
2156
2155
2152
2151
2146
2145
2144
2143
2140
2139
2137
2135
2134
2133
2131
2126
2124
2122
2121
2120
2119
2117
2114
2113
2106
2104
2098
2096
2095
2094
2093
2092
2090
2089
2086
2085
2082
2081
2080
2079
2078
2077
2075
2074
2073
2070
2067
2063
2062
2059
2058
2055
2053
2052
2045
2044
2043
2042
2040
2039
2038
2036
2031
2023
2021
2014
2013
2011
2010
2009
2007
2005
2004
2003
2002
2000
1998
1996
1995
1994
1993
1992
1988
1986
1985
1984
1983
1980
1979
1978
1974
1973
1968
1966
1965
1961
1960
1956
1954
1952
1951
1945
1941
1937
1936
1935
1933
1932
1931
1929
1927
1926
1923
1922
1919
1917
1916
1914
1912
1911
1907
1905
1904
1903
1902
1886
1881
1880
1877
1871
1869
1866
1865
1863
1861
1860
1858
1856
1854
1852
1850
1848
1846
1842
1840
1837
1836
1835
1834
1831
1830
1829
1828
1826
1824
1820
1819
1818
1816
1815
1811
1810
1805
1804
1803
1802
1799
1798
1797
1796
1795
1793
1790
1786
1785
1782
1781
1780
1777
1776
1772
1771
1770
1769
1768
1767
1766
1765
1761
1760
1756
1755
1754
1752
1751
1749
1748
1746
1742
1741
1739
1736
1734
1732
1731
1728
1725
1721
1718
1717
1716
1714
1713
1712
1711
1710
1708
1707
1706
1705
1702
1700
1697
1696
1692
1690
1689
1687
1684
1680
1679
1672
1671
1667
1665
1663
1662
1661
1660
1659
1657
1656
1654
1649
1648
1647
1644
1641
1640
1638
1636
1635
1631
1630
1625
1622
1620
1617
1614
1613
1612
1608
1603
1602
1601
1597
1596
1595
1593
1590
1588
1587
1581
1578
1577
1576
1575
1572
1569
1568
1566
1565
1562
1560
1558
1557
1554
1548
1546
1545
1544
1543
1541
1539
1538
1533
1532
1531
1529
1526
1525
1524
1522
1520
1516
1514
1512
1508
1507
1506
1503
1502
1501
1500
1497
1496
1494
1493
1492
1491
1489
1488
1484
1481
1479
1478
1473
1469
1468
1466
1465
1464
1463
1460
1459
1458
1455
1454
1452
1451
1450
1449
1448
1446
1444
1439
1436
1435
1434
1432
1431
1430
1425
1422
1421
1418
1416
1413
1412
1407
1406
1405
1404
1402
1401
1400
1397
1395
1394
1393
1392
1391
1387
1386
1385
1384
1383
1382
1381
1375
1374
1370
1367
1365
1364
1363
1362
1361
1354
1353
1351
1349
1348
1347
1346
1343
1340
1338
1337
1333
1332
1327
1325
1324
1322
1321
1316
1315
1312
1309
1308
1307
1305
1304
1303
1302
1301
1299
1298
1290
1284
1283
1282
1281
1280
1279
1278
1275
1274
1270
1269
1268
1267
1263
1261
1259
1257
1254
1253
1250
1246
1245
1244
1243
1242
1241
1240
1239
1238
1237
1236
1234
1233
1231
1228
1227
1226
1223
1221
1220
1219
1218
1217
1214
1211
1210
1209
1205
1200
1199
1193
1189
1187
1186
1182
1181
1180
1179
1175
1170
1169
1168
1166
1165
1164
1163
1162
1160
1158
1157
1156
1155
1154
1153
1152
1150
1149
1147
1146
1144
1143
1142
1141
1138
1136
1135
1134
1129
1128
1123
1121
1120
1119
1117
1116
1113
1111
1104
1102
1101
1098
1096
1094
1093
1090
1088
1085
1084
1081
1080
1079
1075
1072
1071
1068
1065
1062
1058
1053
1052
1051
1050
1049
1045
1044
1041
1039
1036
1034
1033
1032
1031
1028
1027
1025
1024
1022
1021
1018
1016
1014
1011
1008
1007
1006
1005
1003
1002
1001
999
997
995
994
993
991
990
988
986
984
981
979
975
972
970
969
966
965
963
961
959
958
957
955
953
949
946
945
938
936
935
934
932
930
929
927
925
923
919
918
917
916
914
907
905
904
903
901
899
898
897
896
895
888
885
882
881
873
872
871
870
869
868
863
862
858
855
854
853
848
847
844
842
840
837
833
825
822
819
817
812
808
807
805
804
800
799
797
796
795
793
791
788
786
783
773
768
765
764
762
757
755
753
750
748
747
744
743
741
740
737
735
731
729
726
725
723
721
720
713
712
711
709
704
703
702
701
698
694
693
689
688
685
682
681
680
678
677
676
674
668
667
666
665
662
660
659
657
656
655
652
651
650
644
642
640
638
633
631
630
628
625
624
623
622
621
620
615
614
613
611
606
604
603
602
600
596
594
591
590
589
588
587
586
581
579
578
576
575
571
570
567
566
565
563
561
560
558
557
552
551
550
549
548
544
543
537
534
532
531
530
529
528
527
525
523
521
518
517
516
514
513
512
511
508
506
504
502
501
500
499
498
497
496
492
491
490
489
486
483
482
481
480
477
476
475
473
472
470
469
468
465
464
460
458
457
455
454
447
446
443
440
439
437
434
433
430
428
425
420
419
416
415
414
408
407
404
403
402
399
398
396
395
394
392
387
384
383
382
381
377
376
374
372
371
367
366
364
360
358
357
356
355
354
352
351
350
348
347
343
342
341
334
333
332
330
326
320
319
318
317
315
314
306
303
301
299
298
294
290
287
285
283
282
280
279
278
275
271
269
268
265
264
263
262
260
259
256
254
253
252
251
248
245
242
232
231
229
228
226
225
221
219
216
213
211
207
206
204
201
198
197
194
190
187
186
185
183
182
179
178
171
169
166
165
164
162
160
156
152
151
150
146
144
143
141
139
137
136
135
130
128
126
124
123
122
121
120
119
118
116
115
113
110
109
108
107
102
101
99
97
95
94
93
88
87
86
84
83
81
80
79
78
77
74
73
69
68
67
66
64
63
60
59
57
56
54
52
51
49
47
44
43
40
35
31
29
25
24
22
20
19
18
17
15
13
12
11
9
7
6
4
3
2
-3
-4
-5
-10
-12
-18
-20
-22
-23
-24
-25
-26
-27
-31
-37
-42
-43
-47
-48
-51
-52
-54
-56
-57
-58
-59
-61
-62
-63
-64
-67
-68
-71
-72
-76
-77
-78
-79
-80
-81
-89
-90
-91
-92
-93
-94
-97
-98
-99
-102
-103
-104
-107
-109
-113
-117
-120
-121
-122
-126
-127
-130
-131
-132
-133
-134
-138
-139
-140
-146
-148
-150
-153
-156
-157
-159
-163
-164
-167
-168
-169
-171
-172
-173
-174
-175
-176
-177
-178
-179
-180
-189
-191
-192
-194
-195
-196
-197
-199
-201
-204
-205
-206
-207
-209
-210
-211
-212
-214
-219
-220
-221
-222
-223
-229
-231
-232
-233
-235
-237
-239
-240
-243
-245
-246
-247
-248
-255
-258
-259
-260
-261
-263
-264
-266
-270
-271
-272
-275
-278
-279
-286
-295
-297
-298
-299
-300
-301
-303
-305
-306
-307
-310
-312
-314
-315
-318
-319
-320
-326
-328
-333
-337
-338
-342
-343
-344
-345
-348
-351
-352
-354
-355
-356
-358
-361
-362
-368
-369
-370
-373
-375
-378
-379
-381
-383
-384
-390
-391
-393
-397
-399
-400
-403
-404
-405
-406
-407
-409
-410
-411
-412
-413
-414
-415
-416
-417
-418
-419
-424
-426
-427
-428
-429
-430
-435
-437
-440
-441
-442
-444
-445
-446
-455
-456
-457
-458
-459
-465
-466
-469
-471
-473
-475
-481
-482
-487
-488
-491
-493
-494
-495
-496
-497
-498
-499
-500
-501
-502
-503
-510
-513
-514
-515
-518
-522
-525
-530
-531
-532
-533
-534
-539
-541
-542
-544
-545
-549
-550
-553
-555
-556
-557
-558
-560
-561
-563
-567
-568
-571
-574
-575
-578
-580
-581
-583
-584
-585
-586
-589
-590
-591
-592
-593
-594
-597
-602
-604
-607
-609
-610
-611
-612
-614
-617
-619
-620
-625
-626
-627
-628
-629
-630
-631
-633
-635
-638
-642
-646
-647
-648
-651
-652
-653
-657
-658
-661
-662
-663
-667
-671
-672
-673
-674
-675
-677
-678
-679
-682
-685
-687
-689
-690
-691
-692
-694
-697
-698
-699
-701
-702
-703
-705
-708
-709
-710
-711
-712
-713
-715
-718
-720
-721
-723
-724
-727
-730
-731
-732
-734
-735
-738
-739
-743
-745
-747
-749
-751
-752
-756
-757
-759
-761
-764
-765
-769
-770
-771
-778
-780
-782
-783
-785
-787
-788
-790
-792
-793
-794
-795
-796
-797
-798
-801
-802
-803
-804
-805
-809
-810
-812
-813
-815
-816
-817
-822
-823
-824
-825
-830
-832
-834
-836
-838
-839
-841
-842
-845
-846
-847
-850
-853
-857
-859
-862
-863
-870
-871
-873
-876
-877
-879
-885
-891
-893
-894
-895
-896
-897
-901
-903
-908
-909
-911
-914
-916
-919
-920
-921
-923
-924
-928
-932
-935
-936
-937
-940
-941
-943
-947
-948
-949
-952
-953
-958
-961
-964
-966
-967
-968
-969
-971
-973
-976
-979
-982
-984
-988
-989
-993
-994
-996
-998
-999
-1000
-1001
-1002
-1004
-1005
-1010
-1012
-1014
-1017
-1018
-1019
-1020
-1023
-1025
-1030
-1031
-1034
-1037
-1040
-1041
-1042
-1045
-1046
-1047
-1051
-1052
-1055
-1057
-1061
-1063
-1066
-1068
-1070
-1072
-1073
-1074
-1075
-1083
-1084
-1085
-1086
-1088
-1091
-1095
-1096
-1101
-1103
-1109
-1110
-1111
-1112
-1114
-1116
-1117
-1123
-1124
-1125
-1126
-1129
-1130
-1131
-1132
-1133
-1134
-1135
-1137
-1139
-1141
-1143
-1144
-1147
-1149
-1150
-1151
-1152
-1153
-1154
-1157
-1162
-1163
-1164
-1165
-1168
-1169
-1170
-1171
-1172
-1174
-1176
-1179
-1181
-1183
-1184
-1186
-1187
-1192
-1193
-1194
-1196
-1201
-1203
-1206
-1207
-1209
-1210
-1211
-1212
-1215
-1220
-1221
-1222
-1224
-1225
-1229
-1232
-1234
-1237
-1240
-1243
-1247
-1248
-1249
-1250
-1252
-1254
-1257
-1258
-1260
-1262
-1263
-1264
-1267
-1268
-1270
-1272
-1274
-1276
-1279
-1280
-1281
-1282
-1283
-1284
-1285
-1288
-1289
-1290
-1293
-1294
-1296
-1300
-1301
-1304
-1305
-1307
-1311
-1312
-1313
-1319
-1320
-1324
-1327
-1328
-1331
-1333
-1334
-1335
-1337
-1340
-1344
-1345
-1346
-1348
-1349
-1350
-1353
-1355
-1360
-1361
-1362
-1363
-1364
-1367
-1369
-1370
-1373
-1375
-1377
-1379
-1386
-1387
-1389
-1391
-1392
-1393
-1394
-1396
-1398
-1399
-1404
-1406
-1409
-1410
-1412
-1416
-1418
-1420
-1423
-1424
-1426
-1427
-1429
-1430
-1431
-1434
-1436
-1437
-1438
-1439
-1442
-1443
-1446
-1448
-1449
-1452
-1453
-1455
-1459
-1462
-1463
-1464
-1470
-1473
-1474
-1480
-1483
-1486
-1487
-1488
-1492
-1495
-1499
-1500
-1501
-1502
-1503
-1505
-1506
-1509
-1511
-1514
-1516
-1519
-1524
-1525
-1526
-1529
-1530
-1531
-1536
-1538
-1540
-1543
-1544
-1546
-1554
-1555
-1561
-1564
-1567
-1568
-1569
-1571
-1575
-1580
-1583
-1587
-1593
-1594
-1595
-1596
-1601
-1602
-1605
-1606
-1609
-1610
-1615
-1616
-1619
-1623
-1624
-1625
-1626
-1632
-1633
-1634
-1635
-1637
-1638
-1641
-1643
-1644
-1645
-1647
-1648
-1650
-1651
-1652
-1653
-1654
-1656
-1657
-1658
-1659
-1660
-1663
-1664
-1665
-1666
-1668
-1670
-1671
-1673
-1674
-1675
-1676
-1678
-1679
-1682
-1684
-1685
-1687
-1691
-1694
-1695
-1696
-1697
-1698
-1703
-1704
-1705
-1706
-1708
-1709
-1711
-1712
-1713
-1714
-1715
-1716
-1717
-1722
-1724
-1725
-1730
-1731
-1733
-1734
-1736
-1737
-1738
-1740
-1742
-1745
-1748
-1752
-1753
-1754
-1756
-1758
-1760
-1761
-1766
-1769
-1773
-1775
-1776
-1782
-1791
-1792
-1794
-1795
-1797
-1801
-1804
-1805
-1808
-1809
-1810
-1811
-1812
-1813
-1814
-1815
-1816
-1818
-1819
-1820
-1821
-1824
-1826
-1828
-1829
-1831
-1833
-1838
-1839
-1841
-1842
-1843
-1844
-1845
-1846
-1850
-1851
-1852
-1853
-1856
-1860
-1862
-1863
-1865
-1868
-1870
-1872
-1876
-1879
-1880
-1881
-1884
-1887
-1888
-1890
-1891
-1892
-1893
-1894
-1895
-1896
-1897
-1898
-1899
-1900
-1902
-1905
-1907
-1911
-1917
-1919
-1920
-1922
-1924
-1925
-1926
-1928
-1934
-1936
-1937
-1938
-1941
-1942
-1944
-1945
-1947
-1949
-1950
-1952
-1953
-1955
-1956
-1958
-1961
-1962
-1963
-1964
-1965
-1966
-1970
-1972
-1975
-1976
-1977
-1981
-1985
-1986
-1988
-1993
-1994
-1997
-1999
-2002
-2005
-2006
-2007
-2012
-2013
-2018
-2019
-2023
-2026
-2027
-2034
-2039
-2041
-2042
-2044
-2048
-2049
-2054
-2064
-2065
-2067
-2069
-2070
-2071
-2074
-2076
-2077
-2078
-2079
-2080
-2083
-2084
-2085
-2087
-2088
-2091
-2092
-2094
-2095
-2096
-2099
-2102
-2106
-2110
-2111
-2112
-2117
-2118
-2119
-2120
-2121
-2122
-2123
-2125
-2126
-2128
-2130
-2131
-2134
-2136
-2139
-2141
-2142
-2144
-2145
-2147
-2148
-2149
-2153
-2157
-2162
-2164
-2165
-2166
-2168
-2169
-2172
-2175
-2176
-2177
-2178
-2179
-2188
-2189
-2190
-2192
-2193
-2197
-2198
-2199
-2201
-2203
-2209
-2213
-2214
-2215
-2216
-2223
-2225
-2226
-2228
-2229
-2231
-2232
-2233
-2236
-2237
-2238
-2242
-2244
-2247
-2251
-2253
-2255
-2257
-2259
-2262
-2263
-2264
-2265
-2266
-2268
-2270
-2272
-2274
-2280
-2281
-2282
-2283
-2285
-2288
-2290
-2291
-2295
-2296
-2297
-2299
-2300
-2302
-2303
-2304
-2305
-2307
-2308
-2309
-2310
-2313
-2315
-2318
-2320
-2321
-2322
-2324
-2325
-2327
-2329
-2330
-2331
-2332
-2334
-2335
-2337
-2340
-2342
-2344
-2346
-2348
-2349
-2350
-2351
-2352
-2354
-2355
-2357
-2358
-2360
-2361
-2363
-2368
-2374
-2376
-2378
-2379
-2380
-2382
-2388
-2394
-2395
-2396
-2397
-2398
-2399
-2400
-2401
-2402
-2403
-2405
-2406
-2407
-2410
-2411
-2412
-2413
-2416
-2417
-2420
-2422
-2423
-2424
-2425
-2427
-2430
-2431
-2432
-2440
-2441
-2444
-2445
-2449
-2450
-2452
-2453
-2454
-2455
-2456
-2457
-2461
-2464
-2466
-2467
-2468
-2471
-2472
-2474
-2475
-2476
-2478
-2480
-2483
-2484
-2486
-2487
-2491
-2493
-2495
-2496
-2497
-2500
-2501
-2502
-2505
-2507
-2509
-2511
-2514
-2515
-2516
-2517
-2520
-2523
-2525
-2527
-2528
-2530
-2532
-2534
-2538
-2539
-2541
-2543
-2544
-2545
-2546
-2547
-2552
-2554
-2555
-2556
-2558
-2559
-2560
-2565
-2567
-2569
-2572
-2574
-2575
-2576
-2578
-2580
-2583
-2585
-2586
-2587
-2588
-2589
-2592
-2593
-2595
-2597
-2599
-2601
-2602
-2605
-2607
-2609
-2612
-2613
-2619
-2620
-2621
-2625
-2626
-2629
-2630
-2631
-2634
-2636
-2637
-2639
-2643
-2646
-2647
-2650
-2652
-2656
-2661
-2663
-2668
-2669
-2671
-2672
-2674
-2675
-2676
-2677
-2678
-2681
-2687
-2688
-2689
-2690
-2694
-2696
-2699
-2700
-2705
-2708
-2712
-2713
-2714
-2715
-2717
-2718
-2720
-2723
-2724
-2728
-2731
-2732
-2733
-2734
-2737
-2738
-2741
-2743
-2744
-2745
-2748
-2752
-2754
-2756
-2757
-2759
-2760
-2763
-2765
-2766
-2767
-2768
-2770
-2774
-2781
-2786
-2787
-2792
-2793
-2794
-2795
-2797
-2800
-2802
-2803
-2806
-2807
-2809
-2810
-2811
-2812
-2813
-2818
-2819
-2822
-2825
-2827
-2831
-2832
-2833
-2838
-2841
-2848
-2849
-2853
-2854
-2855
-2857
-2860
-2863
-2866
-2867
-2868
-2874
-2876
-2878
-2881
-2882
-2883
-2884
-2887
-2890
-2891
-2892
-2896
-2897
-2899
-2902
-2903
-2904
-2905
-2906
-2909
-2910
-2913
-2915
-2916
-2917
-2919
-2923
-2924
-2926
-2927
-2928
-2929
-2930
-2931
-2932
-2933
-2934
-2937
-2939
-2940
-2942
-2944
-2945
-2949
-2952
-2954
-2955
-2959
-2961
-2962
-2963
-2964
-2967
-2970
-2973
-2975
-2977
-2978
-2980
-2981
-2982
-2986
-2987
-2988
-2989
-2990
-2991
-2993
-2994
-2999
-3002
-3003
-3004
-3005
-3008
-3011
-3012
-3014
-3016
-3018
-3022
-3023
-3024
-3025
-3027
-3029
-3031
-3032
-3033
-3035
-3038
-3040
-3042
-3046
-3049
-3050
-3052
-3054
-3055
-3056
-3057
-3058
-3064
-3066
-3068
-3070
-3071
-3076
-3078
-3081
-3082
-3083
-3084
-3085
-3088
-3092
-3095
-3102
-3103
-3104
-3105
-3106
-3107
-3109
-3112
-3115
-3116
-3120
-3124
-3125
-3126
-3127
-3130
-3131
-3135
-3136
-3139
-3140
-3143
-3144
-3147
-3148
-3149
-3150
-3153
-3156
-3158
-3159
-3160
-3161
-3163
-3164
-3165
-3167
-3168
-3169
-3174
-3178
-3180
-3183
-3184
-3185
-3186
-3187
-3189
-3190
-3191
-3192
-3193
-3194
-3197
-3199
-3200
-3201
-3204
-3209
-3211
-3214
-3215
-3220
-3227
-3231
-3234
-3236
-3238
-3240
-3244
-3246
-3250
-3251
-3253
-3256
-3257
-3259
-3261
-3262
-3264
-3273
-3277
-3278
-3279
-3282
-3285
-3287
-3289
-3293
-3295
-3296
-3298
-3302
-3303
-3304
-3305
-3307
-3308
-3309
-3311
-3312
-3315
-3318
-3321
-3322
-3324
-3325
-3332
-3337
-3339
-3340
-3341
-3344
-3346
-3347
-3349
-3351
-3353
-3354
-3357
-3359
-3360
-3363
-3364
-3365
-3366
-3367
-3369
-3371
-3376
-3377
-3379
-3380
-3384
-3388
-3389
-3392
-3394
-3396
-3400
-3401
-3402
-3403
-3404
-3405
-3408
-3409
-3411
-3412
-3413
-3417
-3422
-3425
-3428
-3429
-3430
-3432
-3434
-3435
-3438
-3439
-3442
-3443
-3445
-3448
-3449
-3450
-3453
-3456
-3457
-3459
-3460
-3461
-3462
-3465
-3468
-3469
-3470
-3472
-3474
-3475
-3477
-3478
-3480
-3481
-3483
-3484
-3487
-3489
-3490
-3491
-3492
-3494
-3495
-3496
-3497
-3499
-3500
-3501
-3503
-3508
-3510
-3511
-3513
-3514
-3515
-3517
-3518
-3519
-3520
-3522
-3523
-3524
-3528
-3529
-3535
-3538
-3540
-3541
-3543
-3546
-3549
-3552
-3553
-3554
-3559
-3560
-3561
-3562
-3563
-3564
-3567
-3568
-3569
-3570
-3573
-3575
-3577
-3581
-3582
-3583
-3585
-3587
-3589
-3592
-3595
-3598
-3601
-3604
-3606
-3607
-3608
-3609
-3611
-3612
-3615
-3616
-3617
-3618
-3620
-3626
-3628
-3629
-3633
-3634
-3635
-3637
-3640
-3642
-3644
-3645
-3648
-3649
-3652
-3653
-3656
-3657
-3658
-3659
-3660
-3661
-3667
-3670
-3671
-3672
-3676
-3677
-3678
-3679
-3682
-3685
-3687
-3692
-3693
-3695
-3697
-3700
-3701
-3705
-3709
-3710
-3712
-3713
-3714
-3715
-3717
-3719
-3720
-3721
-3723
-3725
-3727
-3732
-3733
-3735
-3737
-3739
-3742
-3745
-3747
-3748
-3749
-3750
-3754
-3756
-3759
-3760
-3764
-3765
-3766
-3767
-3769
-3770
-3771
-3773
-3775
-3779
-3780
-3781
-3783
-3784
-3786
-3787
-3789
-3791
-3794
-3795
-3798
-3799
-3801
-3802
-3804
-3809
-3810
-3811
-3812
-3815
-3818
-3819
-3823
-3824
-3825
-3827
-3829
-3830
-3835
-3836
-3837
-3838
-3839
-3840
-3842
-3843
-3845
-3846
-3847
-3851
-3854
-3858
-3862
-3863
-3864
-3866
-3867
-3870
-3872
-3874
-3875
-3877
-3879
-3881
-3882
-3883
-3885
-3886
-3888
-3889
-3890
-3891
-3892
-3893
-3901
-3902
-3903
-3904
-3905
-3906
-3907
-3909
-3912
-3921
-3923
-3924
-3926
-3927
-3929
-3931
-3933
-3934
-3935
-3936
-3939
-3942
-3943
-3945
-3946
-3947
-3948
-3949
-3950
-3951
-3953
-3954
-3956
-3957
-3958
-3960
-3965
-3966
-3970
-3971
-3972
-3973
-3977
-3978
-3979
-3980
-3983
-3984
-3987
-3988
-3989
-3992
-3993
-3994
-3997
-4002
-4003
-4005
-4007
-4010
-4013
-4015
-4016
-4018
-4019
-4020
-4021
-4022
-4026
-4027
-4032
-4033
-4034
-4035
-4036
-4038
-4041
-4042
-4043
-4045
-4048
-4050
-4051
-4052
-4054
-4056
-4058
-4059
-4061
-4062
-4063
-4064
-4066
-4067
-4069
-4071
-4072
-4073
-4074
-4076
-4078
-4079
-4081
-4082
-4083
-4085
-4086
-4088
-4089
-4090
-4093
-4094
-4095
-4097
-4098
-4100
-4105
-4106
-4109
-4111
-4112
-4113
-4114
-4116
-4118
-4120
-4123
-4124
-4129
-4131
-4132
-4135
-4136
-4139
-4141
-4142
-4143
-4145
-4146
-4152
-4153
-4154
-4159
-4160
-4163
-4169
-4170
-4171
-4172
-4174
-4175
-4176
-4177
-4180
-4182
-4185
-4186
-4188
-4191
-4192
-4194
-4197
-4199
-4201
-4202
-4203
-4205
-4206
-4207
-4212
-4213
-4215
-4219
-4222
-4223
-4224
-4225
-4226
-4227
-4228
-4230
-4233
-4234
-4236
-4237
-4238
-4240
-4241
-4242
-4245
-4250
-4252
-4255
-4258
-4259
-4260
-4262
-4267
-4268
-4269
-4270
-4276
-4277
-4288
-4293
-4295
-4299
-4304
-4305
-4308
-4311
-4315
-4318
-4319
-4320
-4322
-4323
-4324
-4325
-4328
-4329
-4331
-4332
-4336
-4338
-4340
-4344
-4345
-4350
-4351
-4353
-4354
-4355
-4359
-4360
-4361
-4363
-4365
-4369
-4371
-4372
-4378
-4381
-4384
-4385
-4386
-4387
-4390
-4392
-4393
-4395
-4397
-4398
-4400
-4401
-4402
-4403
-4404
-4405
-4406
-4407
-4408
-4412
-4413
-4414
-4415
-4416
-4419
-4420
-4422
-4423
-4425
-4428
-4429
-4430
-4436
-4437
-4439
-4441
-4442
-4443
-4444
-4445
-4448
-4451
-4458
-4462
-4463
-4466
-4467
-4469
-4471
-4473
-4474
-4475
-4476
-4484
-4487
-4490
-4492
-4494
-4497
-4498
-4502
-4503
-4504
-4506
-4507
-4511
-4516
-4520
-4521
-4522
-4524
-4537
-4538
-4543
-4544
-4545
-4547
-4548
-4551
-4552
-4553
-4554
-4555
-4557
-4558
-4559
-4562
-4563
-4567
-4568
-4571
-4572
-4573
-4574
-4575
-4576
-4579
-4581
-4583
-4584
-4586
-4588
-4589
-4590
-4592
-4593
-4594
-4598
-4601
-4602
-4603
-4604
-4605
-4610
-4611
-4612
-4613
-4615
-4616
-4619
-4620
-4622
-4626
-4630
-4631
-4632
-4633
-4635
-4638
-4642
-4643
-4647
-4648
-4652
-4656
-4658
-4665
-4668
-4670
-4673
-4677
-4678
-4681
-4682
-4683
-4688
-4690
-4692
-4693
-4694
-4695
-4698
-4699
-4705
-4710
-4713
-4718
-4719
-4720
-4721
-4722
-4727
-4732
-4734
-4736
-4738
-4741
-4742
-4746
-4749
-4752
-4753
-4754
-4760
-4761
-4764
-4765
-4767
-4768
-4770
-4772
-4773
-4774
-4777
-4778
-4779
-4786
-4787
-4793
-4794
-4795
-4796
-4798
-4805
-4808
-4812
-4814
-4815
-4817
-4818
-4820
-4826
-4827
-4831
-4834
-4835
-4836
-4838
-4840
-4841
-4846
-4847
-4848
-4849
-4850
-4852
-4854
-4856
-4857
-4859
-4860
-4861
-4862
-4864
-4865
-4867
-4868
-4871
-4873
-4875
-4876
-4878
-4882
-4883
-4885
-4887
-4889
-4891
-4894
-4895
-4899
-4904
-4905
-4906
-4908
-4909
-4910
-4911
-4912
-4913
-4914
-4917
-4918
-4920
-4921
-4925
-4926
-4927
-4928
-4930
-4933
-4934
-4937
-4939
-4940
-4941
-4942
-4943
-4945
-4951
-4954
-4955
-4957
-4960
-4961
-4965
-4966
-4967
-4968
-4972
-4973
-4974
-4975
-4976
-4977
-4978
-4980
-4981
-4982
-4983
-4986
-4989
-4990
-4994
-4996
-4997
-4998
-5000
-5001
-5002
-5004
-5006
-5010
-5012
-5017
-5020
-5021
-5024
-5029
-5030
-5031
-5032
-5033
-5036
-5039
-5040
-5041
-5044
-5045
-5046
-5049
-5050
-5055
-5057
-5063
-5064
-5066
-5067
-5068
-5071
-5072
-5073
-5075
-5076
-5079
-5082
-5083
-5084
-5086
-5087
-5088
-5089
-5096
-5098
-5099
-5100
-5101
-5102
-5105
-5107
-5110
-5111
-5112
-5113
-5114
-5116
-5117
-5120
-5122
-5125
-5129
-5130
-5131
-5140
-5141
-5143
-5144
-5145
-5146
-5148
-5151
-5153
-5156
-5161
-5164
-5165
-5166
-5168
-5170
-5173
-5174
-5177
-5180
-5181
-5182
-5184
-5185
-5186
-5187
-5190
-5191
-5193
-5195
-5197
-5205
-5207
-5209
-5211
-5212
-5214
-5216
-5218
-5220
-5224
-5227
-5228
-5229
-5230
-5232
-5235
-5236
-5237
-5239
-5241
-5243
-5244
-5246
-5247
-5249
-5252
-5253
-5255
-5258
-5260
-5261
-5263
-5264
-5266
-5267
-5269
-5270
-5272
-5277
-5278
-5280
-5281
-5282
-5284
-5286
-5287
-5288
-5289
-5292
-5295
-5296
-5301
-5304
-5313
-5315
-5316
-5318
-5321
-5322
-5323
-5326
-5327
-5328
-5333
-5335
-5337
-5338
-5340
-5342
-5343
-5344
-5346
-5349
-5350
-5353
-5354
-5356
-5357
-5359
-5360
-5363
-5367
-5368
-5369
-5370
-5374
-5375
-5376
-5383
-5385
-5386
-5387
-5388
-5389
-5390
-5392
-5393
-5395
-5396
-5397
-5399
-5402
-5403
-5404
-5405
-5406
-5407
-5408
-5413
-5414
-5416
-5417
-5419
-5423
-5427
-5428
-5429
-5430
-5432
-5437
-5439
-5440
-5441
-5444
-5446
-5447
-5452
-5453
-5455
-5462
-5463
-5465
-5466
-5468
-5469
-5474
-5475
-5477
-5478
-5479
-5480
-5483
-5484
-5486
-5488
-5490
-5492
-5493
-5494
-5496
-5498
-5501
-5502
-5503
-5507
-5509
-5510
-5512
-5516
-5517
-5518
-5520
-5521
-5524
-5525
-5529
-5531
-5532
-5536
-5537
-5540
-5541
-5543
-5546
-5547
-5549
-5553
-5555
-5556
-5558
-5559
-5562
-5563
-5564
-5568
-5569
-5571
-5575
-5576
-5577
-5578
-5579
-5581
-5582
-5584
-5591
-5592
-5593
-5594
-5596
-5597
-5598
-5600
-5603
-5604
-5609
-5613
-5616
-5618
-5619
-5622
-5625
-5626
-5627
-5628
-5629
-5630
-5633
-5638
-5642
-5647
-5649
-5652
-5653
-5656
-5661
-5664
-5667
-5668
-5669
-5670
-5672
-5673
-5675
-5677
-5678
-5679
-5681
-5682
-5684
-5685
-5687
-5689
-5690
-5691
-5695
-5698
-5702
-5704
-5706
-5716
-5718
-5719
-5722
-5725
-5727
-5728
-5733
-5734
-5735
-5736
-5737
-5739
-5740
-5741
-5742
-5743
-5746
-5747
-5748
-5749
-5751
-5754
-5755
-5756
-5766
-5767
-5768
-5779
-5783
-5788
-5789
-5790
-5791
-5793
-5797
-5798
-5799
-5800
-5806
-5811
-5814
-5815
-5817
-5818
-5821
-5826
-5827
-5829
-5831
-5834
-5837
-5838
-5839
-5842
-5844
-5846
-5847
-5851
-5854
-5856
-5857
-5858
-5859
-5860
-5864
-5866
-5867
-5869
-5870
-5871
-5872
-5873
-5874
-5875
-5877
-5879
-5880
-5881
-5885
-5886
-5887
-5891
-5893
-5896
-5897
-5900
-5902
-5903
-5906
-5907
-5908
-5912
-5913
-5915
-5916
-5918
-5922
-5925
-5926
-5929
-5930
-5931
-5932
-5933
-5934
-5935
-5936
-5938
-5941
-5942
-5943
-5944
-5945
-5948
-5949
-5951
-5953
-5954
-5957
-5964
-5967
-5968
-5969
-5970
-5973
-5974
-5976
-5978
-5979
-5982
-5983
-5984
-5986
-5987
-5989
-5991
-5992
-5994
-5996
-5997
-6002
-6006
-6007
-6008
-6009
-6014
-6017
-6022
-6029
-6032
-6033
-6040
-6044
-6047
-6049
-6050
-6051
-6054
-6056
-6057
-6059
-6060
-6061
-6062
-6063
-6064
-6066
-6067
-6069
-6070
-6071
-6073
-6074
-6078
-6079
-6082
-6085
-6086
-6089
-6091
-6092
-6094
-6095
-6096
-6097
-6098
-6099
-6100
-6101
-6106
-6108
-6109
-6110
-6111
-6115
-6118
-6122
-6126
-6127
-6128
-6130
-6132
-6133
-6134
-6135
-6136
-6137
-6138
-6139
-6140
-6142
-6144
-6145
-6148
-6149
-6151
-6152
-6153
-6155
-6156
-6160
-6167
-6174
-6175
-6176
-6181
-6183
-6184
-6185
-6186
-6187
-6188
-6189
-6191
-6193
-6194
-6195
-6196
-6200
-6201
-6208
-6209
-6211
-6219
-6220
-6221
-6222
-6225
-6226
-6227
-6229
-6232
-6234
-6236
-6237
-6238
-6240
-6241
-6243
-6245
-6249
-6252
-6254
-6255
-6259
-6260
-6261
-6264
-6265
-6266
-6268
-6272
-6277
-6278
-6280
-6281
-6282
-6293
-6294
-6297
-6300
-6301
-6302
-6304
-6305
-6306
-6308
-6309
-6310
-6312
-6314
-6315
-6316
-6317
-6322
-6324
-6326
-6327
-6328
-6331
-6340
-6341
-6344
-6345
-6347
-6349
-6359
-6364
-6365
-6367
-6368
-6371
-6372
-6373
-6378
-6382
-6385
-6386
-6387
-6388
-6389
-6390
-6392
-6393
-6396
-6397
-6399
-6400
-6401
-6402
-6404
-6405
-6407
-6408
-6410
-6411
-6412
-6413
-6414
-6415
-6416
-6419
-6420
-6421
-6422
-6425
-6426
-6429
-6430
-6431
-6433
-6434
-6435
-6436
-6437
-6438
-6439
-6440
-6441
-6442
-6443
-6446
-6447
-6449
-6452
-6455
-6456
-6458
-6461
-6463
-6467
-6470
-6473
-6474
-6475
-6478
-6480
-6482
-6483
-6484
-6487
-6488
-6490
-6491
-6495
-6496
-6497
-6499
-6500
-6501
-6502
-6504
-6506
-6507
-6511
-6512
-6513
-6514
-6517
-6520
-6526
-6527
-6528
-6529
-6532
-6533
-6535
-6536
-6537
-6538
-6540
-6542
-6544
-6548
-6552
-6553
-6556
-6557
-6558
-6560
-6563
-6565
-6568
-6569
-6572
-6575
-6576
-6577
-6578
-6579
-6581
-6582
-6585
-6586
-6592
-6593
-6595
-6596
-6598
-6599
-6601
-6602
-6605
-6609
-6610
-6612
-6613
-6616
-6618
-6623
-6629
-6630
-6631
-6633
-6634
-6635
-6637
-6638
-6639
-6640
-6641
-6642
-6649
-6650
-6651
-6654
-6658
-6663
-6664
-6666
-6671
-6673
-6674
-6677
-6678
-6682
-6686
-6688
-6689
-6690
-6692
-6693
-6694
-6698
-6700
-6701
-6703
-6706
-6708
-6709
-6710
-6711
-6715
-6719
-6720
-6723
-6726
-6728
-6731
-6733
-6735
-6736
-6738
-6739
-6740
-6742
-6743
-6744
-6745
-6747
-6751
-6753
-6754
-6755
-6756
-6757
-6759
-6763
-6764
-6765
-6767
-6771
-6772
-6773
-6774
-6776
-6780
-6782
-6783
-6786
-6788
-6790
-6796
-6797
-6799
-6803
-6807
-6811
-6814
-6816
-6819
-6820
-6823
-6826
-6827
-6828
-6829
-6831
-6832
-6836
-6837
-6840
-6842
-6844
-6845
-6847
-6851
-6853
-6854
-6855
-6858
-6862
-6863
-6868
-6870
-6873
-6876
-6881
-6883
-6887
-6889
-6890
-6892
-6895
-6897
-6898
-6900
-6902
-6903
-6904
-6905
-6907
-6908
-6909
-6910
-6911
-6913
-6919
-6920
-6922
-6924
-6925
-6929
-6930
-6932
-6933
-6934
-6935
-6938
-6939
-6940
-6941
-6942
-6943
-6944
-6949
-6951
-6952
-6953
-6961
-6962
-6963
-6964
-6966
-6968
-6972
-6973
-6974
-6975
-6977
-6979
-6983
-6984
-6985
-6988
-6990
-6991
-6999
-7000
-7002
-7003
-7004
-7005
-7006
-7007
-7010
-7013
-7016
-7017
-7018
-7019
-7021
-7022
-7024
-7029
-7032
-7033
-7035
-7036
-7037
-7038
-7039
-7041
-7042
-7044
-7045
-7046
-7047
-7050
-7052
-7053
-7054
-7057
-7059
-7061
-7062
-7066
-7069
-7070
-7071
-7072
-7073
-7075
-7076
-7078
-7082
-7084
-7088
-7090
-7094
-7095
-7097
-7098
-7099
-7101
-7102
-7105
-7106
-7113
-7115
-7117
-7118
-7119
-7120
-7122
-7123
-7124
-7125
-7127
-7129
-7133
-7135
-7137
-7138
-7139
-7144
-7145
-7148
-7149
-7152
-7153
-7154
-7155
-7157
-7158
-7159
-7160
-7164
-7165
-7166
-7167
-7168
-7171
-7172
-7174
-7175
-7180
-7181
-7182
-7183
-7184
-7185
-7188
-7190
-7193
-7194
-7196
-7198
-7199
-7200
-7203
-7205
-7206
-7207
-7208
-7209
-7212
-7213
-7215
-7216
-7217
-7221
-7227
-7231
-7232
-7233
-7235
-7240
-7241
-7242
-7243
-7244
-7245
-7246
-7248
-7249
-7250
-7253
-7254
-7255
-7257
-7258
-7259
-7260
-7261
-7262
-7264
-7266
-7267
-7268
-7271
-7275
-7277
-7285
-7290
-7291
-7293
-7296
-7300
-7301
-7304
-7305
-7307
-7315
-7316
-7318
-7321
-7322
-7324
-7325
-7326
-7332
-7333
-7335
-7336
-7341
-7343
-7344
-7346
-7347
-7351
-7355
-7357
-7362
-7364
-7366
-7370
-7372
-7374
-7376
-7378
-7379
-7380
-7381
-7382
-7384
-7385
-7387
-7388
-7392
-7396
-7397
-7398
-7399
-7401
-7403
-7405
-7408
-7410
-7415
-7418
-7427
-7429
-7430
-7433
-7434
-7435
-7436
-7437
-7440
-7441
-7442
-7443
-7444
-7447
-7452
-7453
-7454
-7457
-7462
-7463
-7464
-7465
-7466
-7468
-7470
-7471
-7472
-7475
-7476
-7477
-7480
-7481
-7483
-7488
-7490
-7491
-7492
-7496
-7498
-7499
-7500
-7501
-7502
-7507
-7509
-7510
-7511
-7513
-7514
-7516
-7518
-7520
-7521
-7522
-7526
-7529
-7530
-7531
-7532
-7533
-7534
-7536
-7537
-7539
-7541
-7544
-7545
-7550
-7551
-7552
-7554
-7557
-7559
-7562
-7563
-7565
-7566
-7570
-7572
-7574
-7575
-7576
-7577
-7578
-7580
-7581
-7585
-7592
-7593
-7594
-7597
-7601
-7602
-7603
-7604
-7605
-7607
-7609
-7611
-7613
-7616
-7618
-7619
-7621
-7625
-7626
-7628
-7629
-7632
-7633
-7634
-7639
-7640
-7643
-7644
-7648
-7652
-7653
-7655
-7656
-7657
-7658
-7663
-7664
-7666
-7669
-7670
-7671
-7672
-7674
-7676
-7678
-7679
-7680
-7682
-7683
-7687
-7690
-7691
-7696
-7697
-7698
-7699
-7700
-7701
-7703
-7705
-7710
-7711
-7712
-7715
-7717
-7719
-7720
-7721
-7726
-7727
-7731
-7733
-7735
-7737
-7738
-7739
-7741
-7742
-7743
-7745
-7747
-7749
-7750
-7751
-7754
-7755
-7756
-7757
-7758
-7759
-7761
-7762
-7767
-7775
-7776
-7780
-7782
-7786
-7788
-7790
-7793
-7794
-7799
-7802
-7803
-7806
-7807
-7810
-7811
-7812
-7814
-7816
-7817
-7819
-7822
-7823
-7825
-7826
-7827
-7828
-7829
-7832
-7834
-7836
-7837
-7839
-7840
-7841
-7844
-7845
-7847
-7852
-7853
-7855
-7857
-7861
-7862
-7863
-7865
-7866
-7869
-7872
-7873
-7875
-7876
-7877
-7878
-7883
-7884
-7886
-7887
-7888
-7889
-7890
-7893
-7899
-7903
-7905
-7906
-7908
-7910
-7911
-7912
-7913
-7914
-7915
-7918
-7920
-7921
-7922
-7923
-7926
-7927
-7928
-7929
-7932
-7933
-7939
-7941
-7942
-7943
-7944
-7946
-7949
-7951
-7952
-7953
-7954
-7961
-7962
-7963
-7964
-7965
-7966
-7968
-7971
-7973
-7974
-7975
-7976
-7978
-7980
-7987
-7991
-7992
-7993
-7994
-7997
-7998
-8004
-8008
-8009
-8010
-8011
-8013
-8015
-8016
-8017
-8018
-8022
-8023
-8024
-8025
-8026
-8032
-8033
-8035
-8038
-8040
-8044
-8045
-8049
-8051
-8052
-8053
-8055
-8056
-8057
-8058
-8059
-8063
-8064
-8065
-8066
-8067
-8069
-8070
-8071
-8072
-8075
-8077
-8078
-8080
-8081
-8083
-8088
-8089
-8090
-8093
-8094
-8098
-8099
-8102
-8103
-8105
-8106
-8108
-8110
-8111
-8113
-8114
-8115
-8116
-8117
-8122
-8123
-8124
-8125
-8126
-8127
-8128
-8129
-8130
-8133
-8136
-8138
-8140
-8141
-8142
-8144
-8147
-8150
-8151
-8153
-8157
-8158
-8159
-8164
-8165
-8166
-8167
-8168
-8172
-8174
-8176
-8177
-8179
-8180
-8185
-8186
-8187
-8190
-8191
-8192
-8195
-8197
-8200
-8201
-8202
-8203
-8205
-8206
-8207
-8208
-8212
-8218
-8219
-8221
-8223
-8224
-8229
-8231
-8233
-8235
-8236
-8237
-8240
-8243
-8246
-8251
-8252
-8257
-8258
-8260
-8262
-8263
-8265
-8266
-8267
-8268
-8269
-8270
-8271
-8273
-8276
-8278
-8280
-8281
-8282
-8284
-8285
-8287
-8288
-8292
-8295
-8297
-8298
-8301
-8302
-8305
-8306
-8307
-8309
-8311
-8312
-8313
-8314
-8315
-8319
-8323
-8324
-8325
-8328
-8329
-8331
-8332
-8334
-8340
-8341
-8343
-8347
-8352
-8353
-8354
-8359
-8360
-8362
-8365
-8368
-8369
-8372
-8376
-8377
-8378
-8379
-8381
-8382
-8385
-8386
-8387
-8388
-8392
-8394
-8398
-8399
-8401
-8405
-8406
-8408
-8409
-8410
-8411
-8413
-8414
-8417
-8420
-8421
-8422
-8423
-8424
-8425
-8426
-8428
-8429
-8431
-8432
-8433
-8435
-8436
-8438
-8441
-8442
-8444
-8447
-8449
-8450
-8456
-8458
-8459
-8462
-8464
-8465
-8466
-8467
-8473
-8476
-8477
-8478
-8479
-8480
-8483
-8485
-8486
-8488
-8494
-8496
-8498
-8500
-8501
-8502
-8503
-8505
-8507
-8512
-8514
-8516
-8517
-8518
-8524
-8525
-8526
-8527
-8531
-8536
-8539
-8542
-8543
-8547
-8548
-8550
-8551
-8553
-8554
-8555
-8558
-8560
-8561
-8562
-8563
-8564
-8566
-8567
-8570
-8571
-8572
-8574
-8576
-8578
-8580
-8582
-8583
-8584
-8586
-8587
-8588
-8589
-8590
-8592
-8594
-8595
-8599
-8600
-8601
-8602
-8603
-8604
-8605
-8606
-8608
-8613
-8618
-8626
-8628
-8632
-8639
-8642
-8644
-8645
-8646
-8647
-8648
-8649
-8651
-8652
-8655
-8657
-8659
-8661
-8663
-8664
-8665
-8666
-8667
-8670
-8672
-8673
-8675
-8676
-8677
-8679
-8682
-8683
-8686
-8687
-8688
-8689
-8691
-8692
-8694
-8695
-8697
-8699
-8701
-8702
-8703
-8705
-8709
-8710
-8711
-8713
-8714
-8716
-8717
-8719
-8721
-8722
-8723
-8724
-8726
-8727
-8728
-8729
-8730
-8731
-8732
-8740
-8743
-8745
-8746
-8748
-8750
-8752
-8753
-8755
-8757
-8758
-8759
-8764
-8767
-8768
-8771
-8772
-8774
-8776
-8777
-8780
-8781
-8783
-8786
-8787
-8788
-8789
-8790
-8793
-8794
-8795
-8797
-8798
-8799
-8800
-8802
-8803
-8808
-8809
-8810
-8815
-8816
-8817
-8818
-8819
-8820
-8821
-8822
-8823
-8824
-8827
-8828
-8829
-8830
-8832
-8833
-8834
-8835
-8837
-8840
-8841
-8843
-8844
-8846
-8847
-8849
-8850
-8851
-8854
-8856
-8857
-8861
-8862
-8863
-8864
-8865
-8866
-8868
-8871
-8877
-8878
-8879
-8880
-8884
-8887
-8888
-8892
-8894
-8897
-8900
-8901
-8903
-8904
-8906
-8909
-8912
-8913
-8915
-8919
-8922
-8923
-8924
-8926
-8927
-8928
-8929
-8934
-8936
-8937
-8940
-8942
-8943
-8945
-8946
-8948
-8952
-8954
-8957
-8959
-8960
-8962
-8965
-8967
-8968
-8969
-8971
-8973
-8975
-8976
-8977
-8979
-8984
-8985
-8986
-8994
-9000
-9001
-9002
-9007
-9008
-9009
-9010
-9015
-9016
-9017
-9019
-9020
-9021
-9022
-9023
-9024
-9026
-9027
-9030
-9035
-9036
-9037
-9040
-9042
-9043
-9045
-9049
-9050
-9053
-9056
-9057
-9058
-9059
-9062
-9063
-9066
-9067
-9070
-9071
-9074
-9075
-9078
-9081
-9083
-9085
-9086
-9087
-9088
-9089
-9090
-9091
-9093
-9094
-9095
-9098
-9099
-9100
-9105
-9106
-9107
-9110
-9111
-9112
-9113
-9114
-9115
-9116
-9117
-9119
-9120
-9121
-9122
-9123
-9124
-9126
-9127
-9132
-9134
-9136
-9140
-9141
-9143
-9144
-9145
-9147
-9151
-9153
-9156
-9160
-9161
-9164
-9165
-9166
-9167
-9172
-9174
-9179
-9180
-9181
-9182
-9185
-9188
-9190
-9192
-9193
-9194
-9195
-9196
-9197
-9202
-9204
-9205
-9213
-9217
-9219
-9220
-9221
-9223
-9224
-9227
-9228
-9230
-9231
-9235
-9237
-9241
-9242
-9245
-9247
-9250
-9253
-9256
-9259
-9260
-9261
-9265
-9266
-9267
-9268
-9270
-9271
-9272
-9273
-9275
-9276
-9279
-9281
-9282
-9283
-9284
-9287
-9288
-9289
-9290
-9296
-9298
-9302
-9304
-9308
-9309
-9311
-9315
-9318
-9319
-9320
-9322
-9323
-9324
-9325
-9327
-9328
-9330
-9331
-9334
-9336
-9338
-9344
-9345
-9346
-9350
-9351
-9354
-9355
-9356
-9357
-9361
-9362
-9364
-9366
-9372
-9375
-9376
-9381
-9383
-9384
-9386
-9387
-9388
-9392
-9397
-9398
-9399
-9402
-9410
-9413
-9414
-9416
-9418
-9419
-9421
-9426
-9429
-9432
-9433
-9435
-9436
-9438
-9441
-9442
-9444
-9445
-9446
-9448
-9450
-9451
-9454
-9458
-9460
-9461
-9462
-9464
-9466
-9468
-9470
-9471
-9472
-9473
-9474
-9475
-9477
-9480
-9481
-9483
-9484
-9485
-9488
-9489
-9494
-9495
-9496
-9497
-9499
-9500
-9505
-9506
-9507
-9509
-9510
-9514
-9515
-9516
-9517
-9519
-9520
-9521
-9522
-9524
-9527
-9529
-9530
-9533
-9538
-9539
-9540
-9541
-9542
-9545
-9547
-9548
-9549
-9551
-9553
-9554
-9555
-9556
-9563
-9565
-9567
-9568
-9572
-9575
-9576
-9577
-9579
-9584
-9585
-9588
-9590
-9591
-9597
-9598
-9600
-9601
-9603
-9605
-9608
-9610
-9611
-9614
-9617
-9618
-9620
-9623
-9625
-9626
-9627
-9631
-9632
-9635
-9638
-9640
-9641
-9642
-9645
-9647
-9648
-9651
-9652
-9655
-9656
-9657
-9663
-9665
-9666
-9667
-9669
-9670
-9671
-9673
-9675
-9678
-9680
-9681
-9684
-9688
-9689
-9690
-9691
-9692
-9694
-9696
-9698
-9700
-9702
-9703
-9704
-9705
-9707
-9710
-9711
-9713
-9715
-9723
-9724
-9725
-9727
-9728
-9730
-9732
-9734
-9735
-9738
-9742
-9745
-9746
-9749
-9751
-9752
-9753
-9754
-9758
-9762
-9767
-9768
-9770
-9777
-9779
-9780
-9781
-9782
-9786
-9788
-9789
-9790
-9795
-9799
-9800
-9801
-9802
-9803
-9805
-9807
-9808
-9810
-9814
-9816
-9817
-9819
-9820
-9822
-9825
-9826
-9830
-9833
-9834
-9835
-9838
-9840
-9841
-9843
-9844
-9845
-9846
-9847
-9848
-9849
-9851
-9852
-9856
-9858
-9860
-9862
-9863
-9864
-9867
-9872
-9874
-9877
-9879
-9880
-9881
-9883
-9884
-9886
-9887
-9888
-9889
-9892
-9893
-9894
-9899
-9900
-9901
-9903
-9906
-9909
-9911
-9913
-9915
-9916
-9917
-9918
-9919
-9920
-9921
-9922
-9923
-9924
-9925
-9926
-9927
-9929
-9930
-9934
-9935
-9936
-9938
-9939
-9940
-9941
-9942
-9943
-9944
-9945
-9946
-9952
-9954
-9957
-9962
-9965
-9966
-9968
-9969
-9972
-9973
-9974
-9975
-9976
-9979
-9980
-9986
-9987
-9988
-9989
-9990
-9992
-9994
-9995
-9998
-9999
-10000
