5000
4999
4998
4997
4992
4990
4989
4988
4987
4986
4984
4983
4977
4976
4972
4970
4968
4967
4964
4963
4959
4954
4951
4950
4949
4948
4947
4946
4944
4942
4940
4938
4936
4931
4930
4929
4928
4925
4923
4922
4920
4912
4910
4909
4908
4905
4902
4901
4900
4896
4893
4890
4889
4887
4880
4878
4871
4870
4868
4866
4865
4864
4863
4857
4856
4854
4852
4851
4848
4846
4845
4844
4840
4838
4837
4836
4834
4832
4831
4830
4827
4826
4825
4824
4823
4822
4821
4818
4812
4808
4807
4806
4805
4803
4801
4796
4791
4790
4787
4786
4785
4784
4780
4779
4778
4777
4775
4771
4770
4766
4764
4763
4758
4757
4753
4750
4749
4748
4747
4746
4742
4740
4736
4733
4732
4728
4727
4726
4722
4721
4720
4713
4712
4711
4707
4706
4705
4704
4703
4702
4700
4696
4695
4694
4689
4682
4680
4679
4678
4677
4675
4673
4672
4669
4668
4663
4661
4660
4658
4656
4655
4653
4652
4651
4647
4646
4644
4640
4636
4632
4631
4630
4629
4626
4625
4620
4619
4618
4616
4612
4610
4607
4606
4604
4599
4595
4592
4590
4587
4586
4581
4580
4578
4577
4575
4574
4573
4572
4569
4567
4564
4563
4560
4559
4558
4556
4552
4551
4549
4548
4547
4544
4543
4541
4540
4539
4538
4536
4535
4530
4529
4526
4525
4521
4519
4518
4517
4516
4515
4514
4505
4502
4501
4498
4497
4495
4493
4491
4490
4489
4488
4487
4486
4483
4482
4480
4478
4477
4476
4475
4473
4470
4468
4465
4464
4463
4459
4458
4456
4454
4453
4450
4447
4445
4444
4443
4441
4440
4439
4438
4437
4436
4435
4434
4432
4426
4425
4424
4421
4418
4417
4416
4415
4414
4413
4412
4411
4410
4408
4404
4403
4402
4401
4399
4398
4395
4393
4391
4390
4388
4385
4384
4383
4382
4381
4380
4378
4376
4375
4371
4367
4364
4363
4362
4359
4357
4356
4355
4352
4350
4347
4346
4345
4344
4343
4342
4339
4336
4335
4334
4333
4331
4328
4325
4324
4322
4321
4320
4317
4316
4315
4314
4313
4312
4310
4307
4302
4301
4300
4299
4296
4295
4293
4292
4289
4287
4285
4283
4282
4278
4274
4273
4272
4269
4268
4267
4265
4264
4262
4261
4260
4258
4256
4255
4252
4251
4250
4249
4244
4242
4240
4239
4237
4234
4230
4229
4228
4226
4225
4224
4222
4219
4215
4212
4208
4207
4206
4204
4203
4202
4199
4198
4197
4196
4195
4194
4193
4192
4190
4189
4188
4186
4184
4178
4177
4176
4175
4170
4169
4168
4166
4164
4163
4158
4157
4156
4154
4153
4149
4147
4142
4141
4140
4139
4138
4137
4136
4134
4131
4130
4129
4126
4125
4124
4123
4120
4117
4116
4115
4114
4113
4112
4111
4109
4108
4107
4106
4105
4104
4103
4102
4098
4097
4096
4092
4090
4089
4087
4086
4085
4084
4083
4080
4079
4078
4077
4076
4075
4074
4070
4067
4065
4064
4063
4061
4060
4058
4057
4056
4055
4053
4052
4050
4049
4047
4045
4043
4042
4040
4039
4037
4036
4034
4033
4031
4030
4027
4026
4025
4023
4022
4020
4018
4016
4014
4011
4010
4008
4007
4006
4005
4004
4002
4001
4000
3999
3998
3997
3996
3994
3993
3989
3985
3982
3980
3978
3977
3976
3975
3973
3971
3969
3968
3967
3966
3965
3962
3961
3955
3951
3950
3949
3947
3942
3939
3937
3936
3932
3930
3928
3927
3925
3923
3919
3915
3914
3913
3912
3907
3904
3903
3901
3898
3895
3893
3892
3890
3888
3887
3886
3884
3883
3876
3875
3874
3873
3869
3867
3865
3862
3861
3860
3852
3848
3847
3844
3843
3841
3840
3839
3834
3833
3830
3827
3825
3824
3823
3821
3819
3818
3817
3816
3814
3813
3811
3810
3809
3806
3805
3804
3796
3795
3794
3792
3791
3789
3788
3787
3786
3785
3784
3783
3781
3780
3779
3778
3773
3771
3770
3769
3764
3761
3759
3758
3756
3754
3752
3751
3750
3749
3746
3740
3738
3733
3731
3730
3723
3722
3721
3719
3716
3715
3714
3712
3709
3708
3707
3705
3704
3702
3701
3700
3698
3695
3694
3693
3690
3688
3687
3684
3682
3680
3679
3678
3677
3675
3674
3673
3672
3671
3669
3668
3667
3665
3663
3660
3658
3657
3656
3653
3652
3651
3648
3646
3645
3640
3639
3636
3635
3634
3629
3627
3623
3621
3619
3616
3615
3610
3604
3602
3600
3598
3596
3595
3592
3590
3589
3587
3585
3583
3582
3580
3579
3577
3572
3571
3569
3568
3562
3559
3558
3557
3555
3554
3552
3549
3548
3545
3544
3543
3541
3539
3538
3531
3530
3528
3527
3525
3522
3521
3520
3519
3517
3516
3515
3514
3512
3509
3507
3506
3505
3503
3502
3498
3493
3492
3487
3486
3485
3484
3482
3478
3477
3476
3475
3472
3471
3469
3468
3467
3466
3465
3460
3459
3458
3457
3455
3453
3452
3451
3448
3445
3441
3440
3439
3434
3433
3431
3430
3429
3426
3423
3422
3421
3419
3418
3416
3412
3409
3408
3407
3405
3404
3403
3402
3401
3398
3397
3395
3394
3389
3387
3385
3384
3383
3381
3380
3379
3378
3376
3374
3373
3372
3369
3368
3367
3363
3362
3360
3359
3355
3354
3349
3348
3346
3343
3342
3340
3339
3338
3337
3335
3330
3329
3328
3324
3323
3321
3320
3318
3317
3312
3310
3309
3307
3302
3301
3300
3297
3296
3295
3294
3293
3291
3290
3287
3286
3284
3283
3282
3281
3280
3278
3276
3275
3274
3273
3271
3270
3268
3266
3263
3260
3257
3256
3253
3251
3249
3247
3245
3242
3241
3240
3235
3233
3230
3228
3227
3221
3218
3217
3215
3214
3212
3210
3209
3208
3207
3206
3205
3204
3202
3201
3198
3192
3189
3188
3187
3186
3185
3182
3180
3179
3178
3177
3173
3172
3171
3169
3166
3164
3163
3161
3157
3153
3150
3148
3147
3146
3145
3142
3140
3135
3134
3133
3132
3128
3127
3124
3122
3121
3120
3116
3115
3114
3110
3109
3107
3105
3104
3102
3097
3094
3093
3090
3085
3082
3078
3077
3075
3073
3068
3065
3064
3063
3062
3061
3060
3057
3055
3052
3050
3048
3047
3044
3043
3040
3039
3037
3035
3033
3031
3026
3025
3022
3021
3019
3018
3017
3012
3010
3009
3008
3006
3005
3003
3002
3000
2998
2997
2996
2995
2991
2988
2985
2982
2981
2980
2977
2974
2970
2967
2966
2965
2964
2962
2961
2960
2957
2956
2955
2954
2953
2952
2948
2947
2945
2944
2941
2937
2935
2934
2931
2930
2919
2915
2910
2905
2903
2901
2899
2898
2897
2896
2894
2893
2889
2886
2884
2883
2882
2881
2879
2874
2872
2869
2867
2866
2864
2862
2859
2857
2856
2855
2853
2849
2847
2842
2840
2836
2834
2833
2832
2829
2828
2827
2823
2822
2821
2820
2819
2818
2816
2814
2812
2809
2808
2807
2805
2799
2796
2794
2792
2791
2782
2780
2779
2777
2775
2774
2773
2772
2771
2768
2766
2765
2764
2763
2762
2760
2759
2758
2756
2755
2754
2751
2749
2748
2747
2744
2743
2739
2738
2735
2734
2732
2727
2725
2724
2722
2720
2718
2716
2712
2710
2707
2700
2699
2697
2696
2695
2694
2693
2691
2690
2686
2685
2683
2678
2677
2676
2673
2672
2670
2669
2668
2663
2662
2659
2656
2653
2649
2646
2645
2644
2643
2642
2641
2637
2636
2634
2631
2628
2627
2624
2623
2621
2620
2617
2616
2614
2613
2612
2611
2610
2609
2608
2605
2601
2600
2599
2597
2595
2594
2592
2591
2587
2585
2584
2582
2579
2578
2575
2573
2572
2568
2566
2564
2563
2561
2560
2559
2557
2555
2547
2546
2544
2543
2542
2540
2538
2535
2534
2531
2530
2528
2525
2522
2520
2519
2518
2516
2515
2513
2507
2501
2500
2499
2497
2495
2492
2490
2489
2488
2487
2484
2483
2482
2481
2480
2479
2477
2475
2468
2467
2466
2465
2464
2463
2462
2460
2457
2452
2446
2444
2443
2442
2440
2439
2437
2433
2431
2425
2421
2420
2415
2412
2411
2406
2404
2403
2402
2397
2396
2393
2392
2391
2390
2388
2387
2386
2382
2379
2375
2374
2373
2372
2371
2370
2369
2368
2367
2365
2364
2363
2362
2358
2357
2356
2355
2353
2352
2351
2350
2349
2344
2339
2334
2333
2326
2324
2323
2321
2319
2318
2316
2315
2314
2313
2309
2306
2305
2304
2302
2300
2299
2297
2293
2292
2290
2286
2285
2283
2282
2277
2276
2275
2274
2273
2272
2271
2264
2257
2256
2255
2254
2253
2252
2251
2250
2248
2247
2246
2245
2244
2243
2240
2236
2235
2233
2231
2229
2228
2226
2225
2222
2220
2219
2217
2216
2215
2214
2213
2208
2207
2198
2194
2193
2190
2189
2187
2186
2185
2183
2181
2180
2178
2177
2174
2173
2170
2169
2168
2167
2165
2164
2163
2161
2160
2157
2155
2152
2151
2150
2146
2145
2144
2141
2139
2138
2137
2136
2135
2134
2133
2129
2128
2126
2125
2124
2120
2119
2118
2115
2112
2111
2110
2108
2107
2102
2097
2095
2093
2092
2091
2090
2089
2088
2084
2083
2082
2080
2078
2077
2075
2073
2070
2069
2068
2067
2066
2064
2059
2057
2056
2055
2052
2050
2047
2046
2045
2041
2039
2038
2036
2035
2033
2029
2028
2027
2026
2023
2022
2021
2020
2018
2016
2012
2011
2010
2008
2007
2002
1999
1998
1997
1996
1993
1989
1985
1982
1981
1980
1978
1975
1973
1969
1967
1966
1965
1964
1963
1961
1960
1955
1952
1951
1949
1947
1946
1945
1943
1940
1937
1935
1932
1929
1925
1924
1923
1921
1913
1907
1906
1904
1897
1895
1892
1890
1889
1886
1883
1881
1880
1878
1876
1874
1873
1871
1868
1866
1863
1862
1861
1858
1853
1850
1849
1848
1847
1846
1844
1843
1842
1840
1839
1834
1832
1831
1830
1829
1828
1827
1826
1824
1823
1822
1821
1820
1819
1816
1815
1812
1810
1809
1804
1802
1799
1798
1797
1795
1793
1791
1790
1788
1786
1785
1782
1781
1780
1778
1775
1773
1772
1769
1767
1766
1763
1762
1761
1758
1756
1752
1750
1745
1741
1740
1739
1738
1737
1735
1734
1733
1732
1731
1729
1728
1727
1726
1722
1717
1714
1712
1711
1707
1704
1703
1702
1700
1698
1696
1695
1694
1693
1688
1687
1686
1685
1683
1680
1679
1674
1672
1671
1668
1667
1665
1663
1662
1661
1660
1658
1657
1656
1653
1652
1651
1649
1648
1647
1645
1643
1642
1641
1640
1637
1636
1635
1633
1632
1624
1622
1620
1618
1616
1612
1609
1602
1600
1594
1591
1589
1587
1586
1583
1582
1577
1576
1574
1573
1569
1568
1567
1566
1565
1564
1563
1562
1561
1560
1559
1554
1553
1552
1548
1546
1533
1532
1531
1529
1527
1526
1525
1522
1521
1513
1511
1509
1507
1506
1505
1502
1501
1497
1496
1495
1494
1493
1492
1491
1489
1488
1487
1486
1485
1483
1482
1481
1478
1476
1472
1471
1470
1469
1466
1464
1462
1458
1456
1455
1454
1452
1451
1450
1449
1448
1445
1443
1442
1441
1435
1434
1433
1432
1430
1429
1428
1427
1426
1425
1424
1422
1421
1420
1418
1417
1416
1414
1411
1410
1409
1407
1405
1403
1400
1398
1397
1396
1395
1394
1393
1391
1388
1387
1386
1384
1381
1380
1379
1374
1373
1369
1367
1365
1362
1361
1360
1359
1357
1353
1352
1349
1348
1346
1345
1344
1343
1342
1338
1335
1334
1333
1330
1326
1324
1321
1320
1319
1316
1312
1310
1308
1304
1301
1300
1299
1297
1296
1294
1293
1292
1291
1290
1289
1288
1287
1286
1283
1282
1280
1279
1277
1275
1274
1272
1268
1267
1266
1264
1261
1260
1259
1257
1256
1255
1252
1250
1249
1246
1245
1244
1239
1238
1237
1236
1235
1234
1233
1232
1231
1230
1228
1227
1226
1225
1221
1219
1218
1217
1216
1212
1207
1203
1202
1200
1199
1198
1197
1194
1193
1192
1191
1189
1188
1185
1184
1183
1182
1180
1179
1178
1174
1173
1171
1170
1169
1168
1167
1165
1164
1162
1160
1159
1158
1157
1156
1154
1153
1151
1150
1149
1148
1146
1144
1142
1141
1140
1139
1138
1134
1129
1125
1121
1119
1118
1114
1108
1106
1105
1103
1102
1099
1097
1096
1095
1092
1086
1085
1083
1081
1077
1073
1070
1068
1067
1066
1064
1061
1056
1054
1052
1051
1050
1048
1044
1043
1042
1041
1040
1039
1037
1036
1034
1030
1029
1028
1026
1024
1022
1019
1018
1017
1016
1014
1013
1009
1008
1007
1006
1005
1004
1003
1000
999
998
997
994
991
988
987
986
982
980
979
973
972
971
968
963
962
960
959
957
954
952
951
950
948
947
946
944
942
940
936
934
930
928
926
921
918
917
916
915
914
912
910
907
905
904
902
901
899
898
897
896
890
887
877
875
874
871
868
867
866
862
859
858
857
856
854
853
852
847
846
844
842
841
839
838
836
835
834
829
826
825
824
823
822
821
820
819
813
812
811
810
807
806
805
803
802
800
786
784
783
782
781
780
779
778
777
774
773
772
771
770
766
763
761
759
758
757
756
755
753
752
750
749
748
747
746
745
744
743
742
741
740
739
738
735
732
731
730
729
727
725
724
722
719
716
715
714
713
711
709
708
706
705
704
703
702
700
694
690
689
688
686
684
683
682
681
680
679
675
674
673
672
667
664
662
658
657
656
654
653
652
647
646
645
642
641
639
636
635
634
631
629
626
625
624
622
619
615
614
612
609
608
607
603
602
601
596
595
594
593
592
590
589
583
581
579
577
575
572
570
567
564
560
559
558
556
554
551
548
547
545
544
543
542
540
539
536
535
534
531
530
526
525
523
521
519
517
515
513
511
509
505
501
500
499
497
496
494
493
492
490
489
486
485
484
483
482
479
476
474
472
469
468
466
461
460
457
450
448
446
441
440
437
435
434
433
428
426
425
421
420
419
418
414
413
407
404
395
394
393
388
387
386
385
378
375
371
370
369
368
367
365
363
360
359
358
357
353
350
349
348
347
343
341
336
332
331
329
328
324
321
318
317
316
311
310
309
308
304
303
302
301
298
296
295
292
291
285
284
283
281
280
276
275
273
271
269
266
265
264
263
260
257
256
255
254
253
252
251
250
248
245
244
239
238
236
234
233
231
230
229
228
216
213
212
207
206
204
203
202
200
199
196
191
190
186
183
181
177
175
172
170
169
164
163
161
159
157
156
152
147
144
143
142
141
140
138
136
135
134
133
127
122
120
119
118
115
114
110
105
104
101
98
97
94
92
90
89
87
86
85
84
83
80
79
76
75
74
73
72
71
70
69
68
66
63
62
59
58
57
53
52
51
50
47
46
45
43
41
39
38
37
35
34
32
30
29
28
26
25
24
23
21
17
13
12
10
8
3
1
0
-1
-7
-11
-12
-13
-14
-15
-19
-20
-21
-22
-24
-25
-27
-28
-30
-33
-34
-35
-36
-37
-40
-41
-42
-44
-45
-48
-50
-52
-54
-55
-58
-61
-62
-63
-64
-67
-69
-71
-73
-74
-77
-78
-80
-83
-85
-86
-87
-88
-89
-91
-93
-94
-95
-99
-101
-102
-104
-109
-112
-113
-114
-116
-122
-130
-131
-132
-133
-137
-138
-139
-141
-142
-146
-149
-151
-153
-155
-157
-161
-164
-165
-172
-174
-175
-177
-179
-181
-185
-189
-190
-194
-195
-197
-198
-199
-201
-204
-205
-206
-208
-209
-210
-212
-214
-215
-216
-217
-219
-222
-230
-231
-233
-235
-237
-243
-244
-245
-247
-251
-258
-267
-270
-272
-273
-274
-275
-278
-281
-284
-287
-288
-289
-291
-292
-296
-303
-307
-309
-310
-312
-314
-318
-321
-322
-324
-325
-327
-328
-333
-334
-335
-336
-337
-339
-340
-343
-344
-345
-346
-352
-355
-356
-357
-358
-359
-363
-365
-366
-367
-370
-371
-372
-374
-377
-379
-385
-386
-387
-388
-391
-392
-393
-397
-400
-402
-403
-406
-407
-409
-411
-413
-416
-417
-419
-420
-421
-424
-425
-426
-429
-430
-434
-437
-439
-442
-443
-444
-445
-446
-449
-453
-454
-457
-458
-461
-462
-463
-466
-474
-479
-480
-481
-482
-484
-485
-490
-493
-494
-497
-498
-501
-508
-509
-510
-512
-515
-517
-518
-519
-523
-525
-527
-529
-530
-532
-534
-535
-536
-545
-547
-549
-550
-551
-552
-555
-558
-559
-560
-562
-565
-566
-567
-569
-570
-571
-573
-574
-575
-577
-582
-584
-585
-587
-588
-591
-592
-594
-598
-599
-600
-603
-606
-607
-608
-610
-611
-612
-614
-615
-618
-619
-622
-626
-628
-629
-630
-631
-632
-633
-634
-637
-638
-639
-640
-643
-645
-646
-648
-651
-652
-655
-658
-660
-661
-662
-665
-666
-670
-672
-675
-676
-677
-678
-680
-682
-687
-688
-690
-695
-697
-700
-701
-705
-706
-708
-710
-712
-713
-714
-717
-718
-720
-721
-723
-724
-725
-727
-735
-737
-738
-741
-742
-743
-747
-751
-752
-754
-757
-758
-759
-761
-763
-768
-772
-774
-776
-782
-790
-792
-793
-797
-798
-799
-800
-804
-805
-806
-810
-811
-812
-813
-814
-815
-816
-821
-824
-825
-826
-828
-829
-831
-833
-835
-837
-838
-841
-845
-851
-854
-856
-859
-862
-863
-865
-866
-867
-871
-872
-876
-877
-878
-879
-880
-882
-889
-891
-892
-893
-894
-896
-897
-899
-900
-904
-909
-910
-912
-914
-915
-916
-918
-919
-920
-923
-925
-927
-928
-930
-936
-938
-944
-945
-946
-947
-950
-951
-952
-954
-956
-957
-960
-963
-964
-970
-977
-982
-983
-984
-988
-990
-992
-995
-997
-998
-1001
-1003
-1005
-1007
-1008
-1010
-1015
-1016
-1017
-1021
-1025
-1027
-1029
-1030
-1034
-1035
-1036
-1038
-1039
-1040
-1041
-1043
-1044
-1046
-1047
-1049
-1050
-1051
-1054
-1055
-1056
-1058
-1059
-1060
-1061
-1062
-1065
-1066
-1067
-1068
-1071
-1073
-1074
-1076
-1078
-1079
-1080
-1081
-1083
-1085
-1086
-1089
-1090
-1091
-1092
-1094
-1095
-1098
-1099
-1100
-1102
-1103
-1104
-1105
-1106
-1110
-1114
-1116
-1118
-1119
-1122
-1124
-1125
-1130
-1131
-1135
-1136
-1137
-1138
-1139
-1140
-1141
-1143
-1145
-1146
-1150
-1151
-1153
-1156
-1157
-1158
-1161
-1162
-1163
-1166
-1168
-1172
-1174
-1175
-1176
-1177
-1179
-1181
-1183
-1185
-1186
-1188
-1189
-1190
-1191
-1192
-1193
-1194
-1197
-1198
-1200
-1201
-1202
-1205
-1206
-1207
-1210
-1211
-1217
-1219
-1223
-1224
-1226
-1227
-1228
-1229
-1231
-1235
-1237
-1238
-1242
-1243
-1244
-1249
-1250
-1252
-1253
-1254
-1256
-1257
-1259
-1261
-1263
-1264
-1267
-1269
-1271
-1272
-1273
-1274
-1276
-1279
-1280
-1281
-1283
-1287
-1289
-1293
-1294
-1295
-1296
-1297
-1299
-1301
-1304
-1308
-1309
-1310
-1313
-1314
-1315
-1316
-1319
-1321
-1324
-1327
-1332
-1333
-1335
-1336
-1338
-1340
-1341
-1343
-1345
-1346
-1347
-1348
-1355
-1358
-1361
-1362
-1363
-1364
-1365
-1368
-1372
-1378
-1379
-1387
-1390
-1391
-1394
-1397
-1398
-1399
-1401
-1403
-1404
-1405
-1409
-1411
-1414
-1415
-1416
-1417
-1420
-1425
-1426
-1429
-1430
-1431
-1432
-1433
-1434
-1435
-1436
-1438
-1439
-1441
-1442
-1444
-1446
-1447
-1448
-1449
-1450
-1451
-1453
-1454
-1459
-1462
-1464
-1467
-1468
-1470
-1471
-1474
-1475
-1477
-1483
-1484
-1486
-1487
-1489
-1491
-1493
-1495
-1496
-1501
-1502
-1503
-1504
-1505
-1507
-1508
-1511
-1514
-1516
-1517
-1518
-1519
-1522
-1526
-1527
-1529
-1536
-1537
-1538
-1539
-1541
-1543
-1544
-1545
-1547
-1548
-1550
-1551
-1555
-1557
-1558
-1561
-1562
-1567
-1571
-1573
-1576
-1578
-1580
-1582
-1584
-1587
-1589
-1592
-1593
-1595
-1596
-1599
-1601
-1608
-1610
-1611
-1613
-1614
-1615
-1617
-1622
-1624
-1627
-1631
-1633
-1641
-1642
-1643
-1648
-1652
-1655
-1656
-1657
-1660
-1662
-1664
-1668
-1669
-1670
-1671
-1673
-1674
-1675
-1677
-1679
-1680
-1681
-1683
-1687
-1689
-1690
-1691
-1692
-1694
-1697
-1698
-1701
-1702
-1705
-1706
-1708
-1709
-1710
-1711
-1712
-1713
-1715
-1716
-1717
-1718
-1721
-1722
-1728
-1730
-1732
-1736
-1739
-1740
-1741
-1743
-1746
-1747
-1749
-1751
-1752
-1753
-1755
-1756
-1758
-1764
-1766
-1767
-1770
-1773
-1774
-1775
-1777
-1779
-1780
-1781
-1782
-1785
-1786
-1790
-1791
-1792
-1793
-1797
-1798
-1800
-1805
-1806
-1807
-1808
-1809
-1811
-1812
-1814
-1819
-1820
-1825
-1826
-1827
-1828
-1831
-1832
-1835
-1837
-1838
-1842
-1843
-1844
-1845
-1850
-1851
-1853
-1854
-1855
-1857
-1858
-1859
-1860
-1861
-1864
-1865
-1866
-1867
-1869
-1870
-1871
-1875
-1879
-1880
-1881
-1883
-1884
-1886
-1890
-1891
-1892
-1893
-1897
-1898
-1900
-1902
-1905
-1906
-1907
-1911
-1914
-1919
-1924
-1925
-1927
-1928
-1929
-1934
-1935
-1939
-1942
-1943
-1946
-1950
-1951
-1952
-1953
-1960
-1962
-1964
-1965
-1966
-1969
-1973
-1974
-1978
-1980
-1982
-1983
-1984
-1985
-1986
-1989
-1992
-1993
-1994
-1996
-1997
-1998
-2002
-2003
-2005
-2007
-2009
-2010
-2012
-2013
-2014
-2015
-2016
-2017
-2021
-2024
-2025
-2026
-2028
-2031
-2033
-2037
-2038
-2039
-2041
-2042
-2045
-2047
-2050
-2052
-2054
-2055
-2057
-2059
-2060
-2061
-2062
-2063
-2064
-2066
-2068
-2070
-2071
-2073
-2074
-2076
-2077
-2078
-2080
-2082
-2083
-2084
-2085
-2086
-2087
-2088
-2090
-2092
-2093
-2095
-2099
-2102
-2103
-2104
-2109
-2110
-2111
-2112
-2114
-2115
-2120
-2122
-2125
-2126
-2128
-2129
-2133
-2136
-2137
-2141
-2144
-2145
-2146
-2149
-2151
-2154
-2156
-2157
-2159
-2160
-2161
-2164
-2167
-2171
-2174
-2175
-2176
-2182
-2183
-2184
-2185
-2187
-2188
-2189
-2191
-2192
-2193
-2195
-2199
-2200
-2201
-2206
-2210
-2211
-2214
-2217
-2218
-2219
-2220
-2222
-2224
-2225
-2227
-2228
-2229
-2230
-2237
-2239
-2243
-2244
-2245
-2247
-2250
-2252
-2257
-2263
-2264
-2265
-2268
-2271
-2273
-2275
-2277
-2279
-2280
-2282
-2283
-2284
-2285
-2286
-2288
-2290
-2294
-2300
-2302
-2305
-2306
-2308
-2310
-2311
-2313
-2316
-2317
-2319
-2321
-2322
-2326
-2330
-2334
-2335
-2337
-2338
-2341
-2343
-2344
-2345
-2347
-2348
-2349
-2353
-2355
-2357
-2358
-2363
-2365
-2366
-2368
-2369
-2372
-2376
-2377
-2379
-2380
-2381
-2382
-2384
-2387
-2390
-2391
-2392
-2394
-2395
-2401
-2405
-2406
-2407
-2408
-2411
-2413
-2414
-2415
-2419
-2421
-2422
-2423
-2425
-2426
-2430
-2432
-2434
-2437
-2444
-2447
-2448
-2450
-2452
-2453
-2455
-2456
-2460
-2462
-2464
-2468
-2470
-2471
-2473
-2474
-2475
-2478
-2479
-2481
-2487
-2490
-2492
-2493
-2494
-2495
-2496
-2500
-2501
-2503
-2505
-2506
-2507
-2508
-2509
-2510
-2513
-2515
-2518
-2519
-2520
-2526
-2527
-2528
-2529
-2531
-2532
-2533
-2534
-2535
-2536
-2542
-2546
-2549
-2552
-2557
-2559
-2565
-2568
-2569
-2570
-2571
-2572
-2573
-2575
-2577
-2584
-2585
-2586
-2587
-2588
-2589
-2590
-2591
-2593
-2598
-2601
-2602
-2607
-2609
-2610
-2612
-2616
-2617
-2618
-2621
-2622
-2624
-2625
-2628
-2629
-2631
-2632
-2634
-2638
-2640
-2641
-2642
-2647
-2648
-2649
-2652
-2657
-2658
-2659
-2662
-2666
-2667
-2668
-2672
-2674
-2675
-2676
-2680
-2682
-2684
-2690
-2693
-2695
-2697
-2699
-2701
-2702
-2703
-2704
-2706
-2709
-2711
-2712
-2713
-2715
-2718
-2719
-2720
-2724
-2729
-2731
-2733
-2734
-2737
-2741
-2742
-2744
-2745
-2746
-2750
-2751
-2754
-2756
-2758
-2764
-2769
-2770
-2772
-2773
-2774
-2778
-2780
-2781
-2783
-2785
-2787
-2788
-2789
-2790
-2800
-2801
-2806
-2807
-2808
-2810
-2812
-2813
-2815
-2816
-2818
-2819
-2820
-2821
-2823
-2824
-2825
-2827
-2832
-2833
-2836
-2838
-2839
-2841
-2842
-2843
-2846
-2848
-2850
-2851
-2855
-2860
-2861
-2863
-2865
-2866
-2867
-2869
-2870
-2874
-2879
-2880
-2885
-2886
-2888
-2890
-2891
-2893
-2898
-2899
-2900
-2901
-2904
-2906
-2907
-2908
-2910
-2911
-2912
-2913
-2914
-2915
-2917
-2918
-2920
-2921
-2924
-2925
-2927
-2929
-2930
-2931
-2933
-2934
-2935
-2936
-2937
-2938
-2939
-2941
-2942
-2943
-2944
-2946
-2949
-2950
-2951
-2961
-2963
-2965
-2966
-2967
-2968
-2969
-2970
-2976
-2978
-2981
-2982
-2985
-2987
-2993
-2996
-2999
-3000
-3005
-3006
-3008
-3009
-3010
-3013
-3014
-3015
-3016
-3017
-3018
-3021
-3026
-3027
-3028
-3031
-3034
-3037
-3039
-3041
-3046
-3048
-3050
-3051
-3052
-3054
-3055
-3056
-3057
-3058
-3061
-3062
-3064
-3067
-3068
-3069
-3070
-3072
-3074
-3076
-3077
-3078
-3080
-3081
-3082
-3083
-3084
-3085
-3086
-3094
-3097
-3100
-3103
-3105
-3106
-3107
-3110
-3111
-3112
-3113
-3114
-3115
-3116
-3118
-3119
-3120
-3124
-3125
-3130
-3131
-3132
-3136
-3137
-3142
-3143
-3144
-3148
-3150
-3151
-3152
-3154
-3155
-3157
-3158
-3159
-3160
-3161
-3162
-3163
-3164
-3166
-3169
-3170
-3171
-3172
-3173
-3174
-3175
-3176
-3177
-3179
-3181
-3184
-3185
-3187
-3188
-3189
-3192
-3193
-3195
-3196
-3197
-3198
-3199
-3200
-3201
-3202
-3204
-3206
-3208
-3211
-3212
-3213
-3214
-3217
-3218
-3220
-3221
-3222
-3223
-3229
-3230
-3231
-3235
-3236
-3237
-3240
-3241
-3243
-3244
-3249
-3250
-3251
-3252
-3253
-3255
-3257
-3261
-3263
-3264
-3270
-3274
-3275
-3276
-3277
-3283
-3284
-3286
-3288
-3289
-3290
-3292
-3293
-3294
-3295
-3296
-3300
-3301
-3302
-3303
-3304
-3307
-3310
-3315
-3318
-3319
-3321
-3322
-3325
-3328
-3329
-3330
-3332
-3333
-3334
-3335
-3338
-3345
-3346
-3347
-3351
-3353
-3355
-3357
-3361
-3363
-3367
-3369
-3370
-3372
-3373
-3374
-3376
-3377
-3379
-3381
-3383
-3385
-3386
-3389
-3391
-3393
-3396
-3397
-3403
-3409
-3413
-3415
-3416
-3418
-3420
-3421
-3424
-3427
-3429
-3430
-3433
-3434
-3435
-3437
-3438
-3439
-3440
-3441
-3443
-3444
-3446
-3448
-3449
-3450
-3451
-3455
-3456
-3458
-3460
-3465
-3467
-3468
-3469
-3470
-3472
-3477
-3478
-3480
-3482
-3484
-3485
-3486
-3488
-3494
-3496
-3499
-3501
-3503
-3511
-3513
-3514
-3515
-3516
-3517
-3518
-3519
-3520
-3523
-3524
-3529
-3530
-3531
-3532
-3533
-3534
-3535
-3537
-3538
-3539
-3542
-3543
-3546
-3547
-3548
-3550
-3554
-3559
-3561
-3563
-3564
-3565
-3566
-3567
-3568
-3569
-3570
-3576
-3578
-3579
-3580
-3581
-3583
-3586
-3587
-3589
-3591
-3592
-3594
-3596
-3597
-3599
-3600
-3601
-3602
-3603
-3604
-3606
-3607
-3608
-3610
-3613
-3615
-3618
-3620
-3623
-3624
-3626
-3628
-3629
-3630
-3633
-3634
-3636
-3637
-3638
-3639
-3643
-3645
-3648
-3653
-3656
-3657
-3658
-3662
-3664
-3665
-3667
-3670
-3672
-3674
-3676
-3677
-3678
-3682
-3684
-3685
-3687
-3689
-3691
-3692
-3693
-3696
-3697
-3698
-3699
-3700
-3703
-3706
-3708
-3709
-3711
-3715
-3716
-3718
-3721
-3723
-3724
-3728
-3729
-3730
-3732
-3733
-3737
-3738
-3739
-3740
-3741
-3742
-3743
-3746
-3750
-3751
-3752
-3753
-3756
-3757
-3759
-3762
-3763
-3764
-3767
-3768
-3769
-3770
-3772
-3774
-3779
-3785
-3786
-3787
-3788
-3789
-3790
-3797
-3799
-3800
-3801
-3803
-3805
-3806
-3807
-3812
-3815
-3819
-3821
-3822
-3824
-3826
-3827
-3829
-3832
-3833
-3834
-3836
-3839
-3842
-3850
-3852
-3856
-3858
-3859
-3862
-3864
-3865
-3867
-3870
-3871
-3872
-3874
-3878
-3879
-3881
-3882
-3883
-3884
-3885
-3886
-3888
-3890
-3891
-3895
-3896
-3898
-3901
-3903
-3904
-3905
-3907
-3908
-3910
-3911
-3914
-3916
-3922
-3925
-3932
-3934
-3936
-3940
-3941
-3943
-3944
-3947
-3948
-3953
-3955
-3957
-3958
-3959
-3960
-3962
-3964
-3965
-3967
-3968
-3969
-3970
-3973
-3975
-3980
-3984
-3985
-3986
-3987
-3988
-3989
-3990
-3991
-3992
-3993
-3994
-3996
-3997
-3998
-4000
-4001
-4004
-4008
-4013
-4015
-4019
-4021
-4022
-4023
-4024
-4025
-4027
-4030
-4031
-4038
-4039
-4040
-4044
-4046
-4052
-4054
-4058
-4059
-4064
-4069
-4072
-4073
-4074
-4075
-4077
-4078
-4084
-4087
-4088
-4091
-4092
-4094
-4097
-4098
-4100
-4103
-4106
-4108
-4113
-4116
-4117
-4118
-4121
-4123
-4124
-4126
-4127
-4131
-4132
-4137
-4138
-4140
-4141
-4142
-4144
-4145
-4146
-4148
-4150
-4154
-4159
-4160
-4162
-4163
-4164
-4167
-4168
-4171
-4179
-4181
-4182
-4183
-4184
-4185
-4190
-4194
-4196
-4197
-4199
-4200
-4202
-4208
-4209
-4213
-4214
-4216
-4217
-4218
-4220
-4221
-4224
-4225
-4228
-4230
-4231
-4233
-4238
-4239
-4241
-4243
-4244
-4248
-4250
-4252
-4254
-4256
-4257
-4258
-4260
-4261
-4264
-4265
-4266
-4267
-4268
-4270
-4273
-4274
-4275
-4277
-4278
-4280
-4286
-4287
-4288
-4289
-4290
-4291
-4292
-4294
-4295
-4296
-4298
-4299
-4302
-4303
-4306
-4314
-4319
-4320
-4323
-4324
-4325
-4327
-4328
-4330
-4331
-4332
-4333
-4334
-4336
-4337
-4340
-4341
-4342
-4343
-4344
-4347
-4353
-4354
-4356
-4357
-4359
-4361
-4362
-4364
-4365
-4367
-4370
-4371
-4378
-4381
-4383
-4386
-4388
-4390
-4392
-4394
-4396
-4397
-4401
-4402
-4403
-4405
-4406
-4409
-4410
-4411
-4414
-4415
-4417
-4418
-4419
-4420
-4421
-4424
-4426
-4427
-4428
-4431
-4432
-4434
-4435
-4436
-4439
-4440
-4443
-4444
-4445
-4447
-4452
-4454
-4455
-4456
-4460
-4461
-4465
-4467
-4469
-4470
-4471
-4474
-4475
-4479
-4480
-4484
-4487
-4488
-4490
-4491
-4493
-4494
-4496
-4497
-4500
-4504
-4508
-4509
-4512
-4513
-4515
-4519
-4520
-4521
-4525
-4527
-4530
-4532
-4539
-4540
-4541
-4542
-4544
-4547
-4548
-4550
-4551
-4555
-4557
-4561
-4562
-4563
-4564
-4567
-4571
-4573
-4574
-4575
-4576
-4578
-4580
-4582
-4583
-4584
-4586
-4589
-4592
-4593
-4594
-4595
-4597
-4600
-4601
-4606
-4607
-4610
-4612
-4617
-4619
-4620
-4621
-4622
-4627
-4628
-4629
-4630
-4631
-4632
-4637
-4638
-4642
-4643
-4644
-4647
-4648
-4650
-4651
-4652
-4655
-4656
-4657
-4659
-4661
-4662
-4663
-4664
-4665
-4666
-4671
-4675
-4678
-4679
-4681
-4686
-4689
-4691
-4692
-4693
-4694
-4695
-4696
-4698
-4700
-4702
-4704
-4705
-4709
-4710
-4714
-4716
-4718
-4720
-4722
-4725
-4726
-4730
-4734
-4735
-4738
-4739
-4740
-4741
-4744
-4747
-4748
-4749
-4750
-4752
-4757
-4759
-4760
-4762
-4763
-4765
-4766
-4768
-4769
-4773
-4774
-4775
-4778
-4780
-4781
-4782
-4783
-4784
-4785
-4786
-4789
-4790
-4791
-4793
-4794
-4796
-4797
-4798
-4799
-4800
-4801
-4806
-4810
-4813
-4816
-4817
-4825
-4826
-4830
-4831
-4833
-4834
-4835
-4838
-4842
-4845
-4849
-4850
-4855
-4861
-4862
-4863
-4866
-4867
-4869
-4870
-4871
-4872
-4873
-4875
-4881
-4882
-4883
-4884
-4885
-4888
-4890
-4891
-4892
-4898
-4899
-4902
-4903
-4905
-4912
-4914
-4917
-4918
-4919
-4922
-4923
-4925
-4927
-4930
-4931
-4933
-4937
-4938
-4940
-4941
-4942
-4944
-4946
-4949
-4951
-4957
-4958
-4959
-4962
-4965
-4968
-4969
-4970
-4971
-4976
-4978
-4979
-4980
-4982
-4983
-4989
-4990
-4991
-4992
-4994
-4995
-4998
-4999
-5000
