500
499
498
495
494
492
491
487
486
483
478
476
472
471
470
469
468
467
466
464
463
461
459
457
456
454
453
451
449
448
447
445
443
441
439
438
437
434
431
429
428
426
425
420
419
418
416
415
414
413
410
409
407
406
405
404
403
402
393
390
384
381
378
376
374
373
367
366
364
360
359
355
354
353
349
346
342
341
340
339
338
337
335
334
333
328
327
326
325
323
321
320
319
318
315
313
312
308
307
297
293
291
290
289
288
283
281
278
277
276
274
273
272
271
269
267
266
264
262
261
256
254
253
251
248
244
243
240
239
238
236
234
233
230
228
227
226
222
220
217
216
215
211
210
209
207
203
202
200
199
198
195
192
191
189
186
182
181
180
179
175
173
170
169
168
162
156
153
148
147
146
144
140
139
137
135
134
132
130
129
128
126
124
123
118
117
113
112
110
107
106
103
100
99
97
96
93
92
90
87
85
83
80
79
78
77
76
75
73
72
71
70
69
67
66
64
62
59
58
55
54
53
50
48
47
44
43
41
39
34
33
31
29
26
24
23
22
21
20
17
14
13
10
5
3
2
1
-4
-5
-8
-9
-10
-12
-17
-18
-19
-20
-21
-24
-31
-33
-34
-37
-43
-44
-45
-47
-51
-53
-55
-59
-60
-62
-65
-68
-72
-73
-79
-80
-81
-82
-83
-84
-86
-87
-89
-90
-91
-93
-96
-97
-100
-101
-102
-106
-108
-109
-113
-116
-117
-118
-119
-122
-123
-130
-131
-133
-134
-135
-140
-141
-144
-145
-146
-150
-151
-153
-158
-163
-164
-166
-167
-170
-171
-172
-173
-176
-180
-183
-184
-185
-186
-187
-188
-190
-191
-192
-194
-195
-196
-198
-199
-202
-203
-204
-207
-208
-212
-214
-216
-218
-219
-223
-224
-225
-229
-230
-231
-233
-235
-238
-240
-244
-248
-250
-253
-257
-258
-259
-260
-263
-264
-266
-267
-268
-270
-271
-273
-274
-277
-278
-279
-280
-282
-285
-287
-295
-296
-299
-300
-301
-302
-304
-307
-309
-314
-315
-316
-318
-319
-320
-324
-325
-326
-327
-328
-329
-330
-332
-337
-340
-342
-343
-344
-345
-346
-347
-348
-349
-351
-353
-355
-356
-357
-358
-360
-363
-364
-367
-369
-370
-371
-374
-378
-379
-381
-382
-387
-389
-391
-392
-394
-395
-396
-398
-399
-400
-404
-405
-406
-407
-409
-411
-412
-414
-415
-417
-418
-419
-424
-425
-427
-429
-430
-432
-435
-438
-439
-443
-445
-446
-450
-451
-454
-456
-457
-461
-463
-464
-465
-467
-468
-469
-470
-472
-473
-476
-477
-479
-481
-482
-486
-487
-490
-493
-494
-495
-496
-497
-498
-500
