1000
998
996
995
993
990
989
988
986
985
984
983
982
981
979
975
973
970
969
964
961
959
957
956
955
953
952
949
947
942
941
940
939
938
936
935
934
932
931
929
925
922
920
918
917
915
913
911
910
909
908
907
906
903
901
899
898
897
893
892
888
886
885
884
879
878
877
876
875
874
872
869
865
864
861
860
859
857
853
852
849
846
845
840
837
836
835
832
831
830
829
824
822
821
820
819
818
817
816
814
812
811
810
807
806
805
803
801
799
796
795
793
790
785
784
780
779
776
774
773
771
769
767
766
765
763
762
756
753
751
749
747
746
744
743
740
739
738
736
735
734
732
725
723
722
721
720
717
716
715
714
708
707
706
705
703
700
699
698
697
695
694
693
692
691
690
687
686
685
684
682
681
680
679
678
677
676
674
672
670
668
666
660
656
655
653
652
651
649
648
645
644
641
640
639
638
635
633
631
630
627
626
624
623
620
619
616
615
613
610
608
607
606
605
604
603
598
594
591
589
588
586
583
582
580
576
574
571
570
568
567
566
565
564
560
559
555
553
552
549
548
547
545
543
537
534
529
527
526
521
518
517
516
515
514
513
511
510
508
507
505
502
500
499
498
494
493
491
490
489
487
486
485
483
481
480
478
477
476
473
470
468
467
465
464
463
462
460
459
457
456
455
454
453
452
451
450
449
442
437
436
432
430
427
426
419
418
417
416
415
412
410
407
405
404
403
396
395
393
391
390
389
387
386
383
382
380
379
378
377
376
375
374
373
368
364
361
360
358
355
354
353
352
351
349
347
346
344
342
341
337
336
335
333
329
328
326
322
321
320
317
316
315
313
310
309
306
300
292
290
289
288
287
286
285
284
282
275
273
268
264
261
258
257
256
252
250
249
246
244
241
240
239
238
237
235
233
232
231
230
227
224
223
222
216
213
210
209
206
202
199
198
197
196
195
191
190
186
185
184
183
180
179
177
174
173
171
169
166
164
162
160
159
158
156
155
154
153
152
151
149
147
146
145
144
142
141
140
139
135
133
127
126
123
122
121
119
111
110
108
105
100
96
94
93
89
88
87
85
83
81
79
75
73
71
69
67
64
63
61
60
59
53
52
51
49
48
47
46
45
43
41
35
34
33
31
26
25
24
19
15
12
10
6
5
3
2
0
-5
-6
-8
-12
-13
-16
-19
-20
-21
-22
-24
-26
-28
-30
-32
-39
-40
-42
-44
-48
-49
-51
-52
-53
-55
-59
-61
-62
-63
-64
-66
-67
-69
-73
-74
-75
-76
-77
-78
-79
-82
-83
-86
-87
-88
-89
-91
-99
-101
-104
-106
-112
-113
-116
-118
-119
-122
-126
-128
-129
-132
-135
-138
-142
-145
-147
-152
-153
-155
-156
-159
-161
-162
-164
-165
-168
-172
-174
-175
-176
-177
-178
-179
-181
-182
-183
-185
-187
-188
-189
-192
-195
-196
-197
-199
-201
-202
-204
-205
-206
-207
-213
-217
-219
-225
-228
-229
-234
-235
-239
-241
-242
-243
-244
-247
-248
-249
-250
-253
-254
-257
-258
-259
-264
-265
-268
-269
-272
-273
-274
-275
-276
-278
-280
-282
-283
-286
-287
-288
-289
-295
-296
-299
-300
-301
-303
-304
-305
-306
-308
-310
-313
-315
-317
-318
-321
-324
-325
-326
-327
-329
-335
-337
-339
-340
-344
-345
-347
-348
-350
-351
-358
-359
-361
-365
-366
-371
-373
-374
-376
-377
-378
-379
-380
-381
-383
-388
-389
-391
-392
-393
-401
-403
-404
-410
-414
-415
-417
-419
-421
-422
-426
-427
-429
-430
-434
-435
-436
-437
-440
-441
-442
-447
-448
-450
-451
-455
-456
-460
-461
-462
-463
-469
-472
-474
-475
-476
-483
-489
-491
-496
-498
-499
-500
-504
-506
-509
-513
-516
-517
-518
-519
-520
-521
-523
-524
-525
-526
-527
-529
-532
-533
-534
-535
-537
-540
-541
-545
-547
-548
-549
-550
-551
-554
-555
-556
-557
-558
-561
-562
-564
-569
-570
-571
-573
-575
-577
-578
-579
-580
-581
-583
-584
-585
-589
-590
-591
-592
-593
-594
-595
-597
-598
-599
-600
-603
-604
-606
-610
-613
-616
-618
-620
-622
-623
-624
-626
-628
-629
-632
-633
-634
-635
-636
-637
-640
-642
-643
-646
-648
-654
-656
-657
-658
-662
-663
-665
-666
-668
-671
-672
-673
-674
-680
-683
-684
-685
-694
-695
-698
-699
-700
-705
-707
-711
-712
-713
-714
-716
-719
-722
-723
-725
-726
-727
-729
-731
-738
-739
-742
-743
-744
-745
-748
-751
-753
-755
-757
-762
-764
-765
-766
-767
-768
-770
-772
-773
-776
-777
-778
-780
-782
-789
-791
-794
-795
-799
-802
-803
-804
-805
-806
-807
-809
-810
-813
-816
-817
-818
-821
-822
-824
-825
-827
-830
-831
-832
-834
-836
-837
-838
-839
-840
-842
-844
-845
-846
-847
-849
-850
-851
-852
-853
-855
-856
-861
-862
-863
-865
-872
-873
-876
-879
-880
-881
-882
-883
-884
-886
-887
-891
-894
-895
-898
-899
-901
-903
-906
-907
-908
-909
-911
-912
-915
-916
-917
-920
-922
-926
-927
-930
-933
-935
-937
-938
-940
-941
-943
-944
-945
-946
-947
-948
-950
-951
-956
-957
-958
-960
-961
-962
-968
-973
-974
-975
-977
-986
-987
-988
-991
-993
-998
-1000
