10000
-6359
3029
8741
-6633
9383
-5854
-7385
1803
-4779
1545
-9185
-1034
5804
-2395
-9245
2818
40
7326
-7018
-1766
2860
-5073
5493
9989
8909
-8926
-5427
144
9008
-3332
-8732
-4918
-6844
3688
2919
-6373
319
6006
8836
2272
-9989
2948
-7072
9027
-8560
-199
-6364
-7090
3318
5197
7683
3877
3479
-399
7785
-4213
-9145
-845
6867
-3104
-6109
7989
6552
-590
-2988
-3760
1353
-9224
491
-3490
8616
2338
-5944
9937
8643
-9922
4598
8362
4550
-9575
-1714
-9943
4832
5993
-2088
-9995
1032
6737
7192
-4928
-5164
-8263
2184
-6149
-6017
-3927
9380
4503
-4752
9335
3307
651
-5869
9881
4956
-7138
-3554
7888
-2626
7923
-9110
3660
-7475
-5991
-1961
-9308
-9344
-7362
1153
-4998
5968
1581
-7932
721
748
3704
6477
4862
-4630
-1448
9408
-8449
1401
-6548
-7437
8038
2727
7465
4295
657
501
3682
2251
1815
-7184
9755
5007
7388
-2927
1562
-8105
-4245
-3904
-4033
-419
-7123
69
-9688
2966
-9043
1781
6605
-4594
1469
5447
-8466
-9966
9404
3314
-5576
5074
6958
1434
-2955
2929
4922
7292
473
8174
-895
-1814
7149
8224
5756
-3771
9304
-3508
4546
-7994
-9844
6255
997
-4656
4420
-1654
-5525
-4658
5919
-6964
-2321
4163
-7563
8911
-8815
-2149
7833
-9641
-9435
-7806
-3649
-5881
1432
6519
-5664
6467
416
-361
-7171
3550
3868
-9315
4216
-2597
-1881
7011
-4904
5664
-4638
506
6372
-239
-9715
8066
-1301
-9998
5188
5461
-7942
1630
-6528
-6463
-4920
7682
9929
-132
-2500
3210
9909
8461
-4942
-3153
-5096
2273
8724
-3315
-7045
-8212
-3236
9529
-7010
6390
1446
1819
5696
480
116
-961
95
-286
2517
3782
927
8015
-647
-7847
6750
-5510
3842
9496
8334
-7004
8923
-6111
3059
-248
8364
-5301
9439
8165
-4462
-6408
437
-103
-164
-1988
-6470
5540
6214
4880
5323
2126
-9195
1025
4556
9690
1786
7859
3279
-5452
-59
4915
6251
-3892
-5741
9429
-7888
5069
7551
2730
-2069
-1438
8037
1986
-7690
9722
-1250
-466
-663
9865
1162
9336
949
8452
-3635
7421
-7853
-201
743
9520
3384
-7759
1448
-5747
-4405
-7213
-9627
-6211
2667
9676
8538
1881
2304
6912
-9845
-7481
-9338
2589
-8378
-9505
-8080
-56
-3005
-1893
8907
-5906
-8008
-4403
-966
7112
-2096
-2411
581
5713
9103
3115
-6786
7527
-4401
-5002
7717
805
5179
-5414
7405
2959
2617
-9548
6861
6877
-4467
4875
1157
4286
-6581
8565
1829
-5618
7446
-580
8414
-8354
2349
9839
7042
-6558
-6623
-9473
-8505
-2358
-5195
959
8336
-6940
7565
-1555
-7062
-3116
483
2086
6910
-2209
2427
364
8227
3681
7820
-4753
1242
8504
3545
9049
3821
-1005
4233
3754
-4722
-6601
7866
-4848
8041
-9917
-9962
-8024
4663
5159
3885
4721
6682
2245
-4852
-5068
1593
-6868
2090
6344
8395
-2142
662
3611
-6261
3932
8079
1006
-4059
-2120
-3082
8043
-2593
7000
-5922
5989
6855
2707
-1162
-1610
9265
2366
-7836
8979
4199
-5209
-139
-6073
-1856
-9852
7115
-7908
9630
-5392
-4937
5875
7374
-1945
-6738
-7866
5655
-7257
9489
-6715
-5393
8482
8883
9286
-90
1384
-7954
-5679
4867
-842
-692
-667
-4118
932
-5153
-5957
-4960
-4056
-3949
544
-2962
-8016
-379
6535
2377
6357
-8195
-2832
6291
-7476
9830
3799
2000
-7550
5974
-7296
9252
9870
6459
-2993
1798
-5563
7304
303
688
4385
-9723
3407
-5216
4261
5954
6969
1270
-6881
-5408
5669
4858
-9021
9686
-3518
-8655
-4111
-1616
7020
4697
6472
1625
-3997
2844
4395
2337
-5004
4120
-6642
1993
-5185
3613
9317
-1340
7180
-6593
9333
-6511
5773
8588
7906
2801
6026
-785
-1443
-3562
3687
-2064
8857
5297
2583
-4112
9846
-7757
4375
1725
2551
1696
-5670
-8467
6212
3673
-5235
6375
-1934
5315
-8863
269
-7745
-4305
2007
-9942
6570
7581
-4934
-5247
-2168
-7828
3326
-2884
4281
8960
-3656
-1488
-3307
6538
-6189
-1434
-3289
-5249
2756
-1963
7675
-2977
-9588
1098
-2350
2663
7420
-3687
6940
5225
8815
458
-4120
6341
4010
-3180
-4590
-3617
3498
837
-2493
-6421
6558
965
7726
7881
-4439
-7275
7703
-496
9488
2198
8621
3552
4757
869
-9190
5090
5610
-475
2691
7072
3667
-6388
5918
2082
8169
-3459
-3484
1662
1974
4187
-2945
-1651
-5057
9154
5631
5350
-3581
5219
1268
-591
9771
9173
-4206
-5571
2812
-6598
7345
7922
4481
3328
2498
9970
-5672
-732
-6315
3792
1034
-5886
9740
8251
6556
-8691
1238
-9496
-9703
197
-8023
8715
-3305
3961
-6783
3950
-4026
5249
-319
2080
-3721
4328
-7491
3184
-9241
8551
1667
-4199
-7035
-7574
2521
3497
5128
-5815
8151
-9445
6439
-6401
1141
4097
1058
-9247
-7264
-1196
-3682
-2259
8089
3488
4607
-7817
9699
-3905
-1288
-9894
-3417
8212
2185
7207
2851
9266
6705
-5020
-4258
9365
6258
8560
1608
-5593
-2449
-8158
7542
2053
-1626
797
-7683
7178
-5837
1852
5336
-7333
-295
7834
290
-4643
6857
2327
-6579
-8517
-157
8011
7713
-7697
-9271
9426
-3957
-1794
9862
-2076
-8498
4538
6653
7529
1303
-3469
-7703
-8828
6992
8811
-8677
-1838
126
-3701
-7565
-8197
-8644
-6974
9753
8891
8943
-1519
-6139
9639
2256
102
5714
757
4200
6942
4873
-4423
-7926
-9749
294
-9843
-6979
-7719
-8405
-1819
2321
-1706
9764
9164
4430
7637
-6209
4590
440
7948
1980
8842
5832
-9058
-5071
1234
-9900
-9545
-3657
-10000
1932
1984
-3168
-8985
-2325
6450
-3885
-1952
5465
-1350
3313
-5647
-3004
-7165
786
9038
9891
8268
-1418
-2444
7877
3864
-6951
3290
3120
8246
-1922
-1831
5464
3351
5767
-207
-7872
-6367
-4736
360
7765
-3888
9641
-5976
-5789
439
2432
-7427
5139
-8191
4098
248
1739
-1709
7010
-6455
4815
8708
-2878
-8934
1707
4742
420
5170
5911
-9579
-6837
1805
8099
-8697
5728
3389
2939
-1480
9590
3439
5986
3642
-1379
-3354
8642
-6999
-790
207
5727
6543
9657
5391
2134
9353
-5315
-6430
7309
-503
-1851
2166
-127
6180
-4419
-7335
-1752
567
5134
-2285
8278
6320
-7125
-7101
3395
7393
-1290
-3167
-2318
3669
-3824
5470
-648
-7601
1848
-6811
5694
-493
-9160
-923
737
-1030
-6605
-9554
1459
-3481
-9590
-687
5324
-6278
2441
9978
-5964
-5734
-679
-9883
7392
5637
9001
5689
4611
1464
-220
2079
2918
8651
6909
3436
1538
4681
3344
3785
8927
-3160
7927
-8750
-3430
-8821
-192
-5931
2534
5729
5270
-6393
3263
-1172
9481
-1601
4054
-703
3976
-1862
-1594
9498
3353
9456
1147
8863
2671
-5556
2010
-6991
-8233
-6538
-6807
-8444
4966
9993
-20
-7949
8061
1575
5903
9784
12
5325
-5112
4170
-7153
4595
-7496
80
7676
-3615
-9906
5114
-7946
-5029
5200
-9475
-1331
7411
7655
-5098
-9924
5016
-4262
-1147
7538
2346
7870
613
404
7121
3299
-6823
5502
6387
5599
6966
9917
1309
1072
-3854
4031
7748
-272
-8018
8671
2852
6040
-6474
-8729
-435
2146
-5044
-172
-3503
-8929
-8044
9207
3477
-1110
8662
-1075
5339
-6176
-9727
-2978
-5374
-6144
4438
-6473
-491
-7974
3070
-2891
-6635
3023
-4951
3837
2009
-3993
-455
5890
5747
8002
6193
3198
-3470
3674
-7106
251
398
9295
3853
-2165
-4487
-7799
-8781
-3543
4330
-5439
-8282
-9728
6562
640
-1842
-4354
136
-7483
2877
7902
2152
-8362
2946
2905
7187
2757
-1962
3131
5379
2628
8755
3406
-4557
4292
-5067
7351
-6440
8762
-1964
-7576
543
-928
3986
1850
9502
591
-2578
1343
2036
-499
430
-9670
9004
5957
-8053
1301
6748
-4095
-6578
-5403
-5626
-301
7436
-3439
-9468
-4222
4276
6648
2420
-3929
3008
8750
-3003
-6569
-2528
2419
-1370
-1687
-2696
-8207
6369
7389
1595
-7747
1237
-1232
5525
-9516
4643
6618
-6557
-8305
1117
7032
-2299
2330
-2863
7673
-3879
-7305
1400
8821
-5184
5040
9712
-3747
9111
-9521
-3705
-6851
-4135
-607
-5131
2379
-4694
-4494
7692
6305
5788
-4552
-1037
7925
-495
-5547
918
4526
-9302
-5517
1081
1418
-1808
-5174
4558
-1394
6240
4195
7830
3117
8129
1979
-7552
5676
-9071
-4859
8487
-3564
-545
2859
2362
-8428
-9542
5483
-3251
-4860
-7016
-3947
7438
4482
7408
5959
-2639
3948
-8849
9754
6849
7320
938
6109
2023
-710
8584
6403
9338
3489
-9944
9143
-8884
377
-8558
3025
7406
4021
5679
2596
-1274
6898
1412
-6803
-9007
395
-1201
-4325
2067
8929
575
-8688
6191
6510
-6051
-3014
-4085
-3184
-9976
7004
5541
3762
1458
-9972
-9461
-2909
6824
-4511
-4873
6480
9662
-2903
1298
-617
6269
6293
3061
-97
-8401
-7235
1597
-6755
1351
8376
2309
5970
-3149
5466
-5161
7404
7813
-4554
1880
-9822
-1756
9713
-8710
2162
-2297
6631
2418
1649
6370
-2806
-6175
9445
735
-2999
8874
-739
680
-441
8864
9582
8841
-871
5547
355
4898
-4146
-2807
-2743
-4295
1281
5658
5868
6591
-5609
-6678
-7731
-6293
7530
-7928
4976
9093
-9817
-8022
1404
6789
2275
744
-5144
-8477
6053
-8748
5685
-8306
9996
-6033
6816
6441
-2226
8292
7260
-4994
81
-6268
-9078
9040
-5417
2843
-7285
-3870
-5706
5745
-4471
1465
7915
-3754
4910
2640
-5879
-9568
4252
5092
9105
6313
-3194
5319
-4497
5455
47
7831
-9087
-5344
3873
-9675
-3585
9157
-4795
4029
7289
7487
-4862
5045
-8067
-2881
-7625
-8603
-8800
3111
-4698
8204
1071
5099
-62
-1101
-4400
7962
-3840
2912
-1791
-7241
-5722
-5480
3213
-6416
-614
-1870
4044
-6630
2849
7918
-3515
-4865
-3192
8739
-7364
-3524
-4611
3735
9276
3086
8322
5183
-1420
4287
1425
4983
8861
6008
-351
9398
9760
-1215
9746
-1569
9548
9171
-8004
-5932
1193
2465
-2547
7296
-5357
3879
4584
-8413
-2291
2980
2932
2410
-4073
-9738
-1252
326
-8768
-701
3170
-1424
8944
-2757
2145
-9892
-4521
3881
3223
4162
-9123
-3723
-3541
-4961
2898
-5930
6395
4797
-4242
-3125
194
-8588
8309
5015
5247
-6156
4900
9491
4515
4206
-1174
-1623
6760
-2601
7648
-9698
-7454
3721
-9946
2829
-6935
-9438
-4412
3666
-780
8669
-8820
3911
3276
-5743
2157
-9026
-1168
5021
-8743
-9968
-1947
-9126
-7244
8198
-7861
-8601
-9350
1506
-4385
-6941
7027
6471
9815
-91
5426
5862
-1865
2314
-2378
-72
1405
-4159
-5766
-1698
-2933
6490
9112
-1977
9096
-1337
-3357
-134
-4469
-8977
-5790
-8368
4294
-8942
-7346
3391
5363
-6227
3800
4353
115
-3709
726
-7440
8707
3094
3701
5939
-4856
7891
-7033
6175
-3304
-832
3763
-8138
588
8253
-8771
-4066
-3085
3248
-3661
-817
-8462
3849
-5622
2836
6851
5760
-4713
9100
5924
-5974
-9849
128
4667
8187
-6973
4455
7029
9519
-3287
7213
-6422
-4018
-3231
151
-7626
9291
-2119
7391
-7755
7832
-6496
9798
-7071
4536
7378
-2376
2347
-2892
7805
-1905
1413
5998
-1224
-8399
5295
7018
-9474
4718
-5083
-9700
-9867
-9704
1007
-6324
8532
8902
-2586
-7254
2616
-5653
1041
367
4522
-4647
-1668
3970
-5537
-4054
4358
216
-8298
-5340
7303
-5180
-1795
5951
8730
7773
-7000
6933
5079
123
-8583
9687
-9288
8540
5546
7385
7617
-6733
-2397
-584
7258
-6939
-3748
-9553
6773
-8035
-3552
-3199
-7477
7951
3988
8065
4964
-3577
-5751
9729
-7554
-6751
5395
-113
-2759
3878
-6368
4928
-6085
-9841
1028
-9939
-8952
-6331
9574
5303
-2515
7559
1186
-3882
-3339
-5030
5735
-4891
9119
-7749
-2071
6460
334
-501
6039
19
5870
7482
-5838
3169
-6710
8630
-7782
5123
1075
-6526
7725
9872
-5040
-4986
521
6399
-6413
-671
-3759
-3727
9867
7275
4258
-7290
5554
-1268
-5111
-9833
-6774
-7200
1014
-4834
-3685
9774
9115
1657
4460
-126
-9083
-6747
-2176
8474
7626
511
6492
3706
-8692
-1135
-7050
-6100
-8776
2352
9733
-4835
-8753
-2480
2077
-8231
8052
-9980
5080
-4061
7607
-481
-6201
1454
2372
-3633
-2795
-2917
-2262
7357
1168
-8670
-1872
-6174
3212
6801
9941
-9918
-5529
-8334
-6913
-5125
4647
-2026
1422
-76
-850
-212
1620
-1455
-3827
9455
-612
-2681
-2309
-8648
-9879
-3589
3854
8594
4821
516
-8313
9539
858
8182
5916
7337
-5252
7964
4941
-67
5945
8939
-8284
5415
-8329
5318
-3517
-270
-1328
-8879
-5864
6658
-6040
-2023
-3311
3133
-5000
-7343
3736
17
-8280
8120
-8572
753
-5870
6553
-1280
5723
-4983
-4175
4484
6027
1697
9099
-6966
-3127
7123
9275
2710
-7912
-3092
2553
6154
6593
-3068
-718
-2410
-5564
-3480
-8288
4648
109
-2690
-8325
7946
232
-8223
3241
-63
-5494
7375
-5687
3894
-3644
2144
-6504
-5099
-1986
5372
-2919
5701
-6708
6813
2259
-8772
-5447
-6975
4733
-2274
2425
6893
-8602
4511
-4097
3596
-4255
-5012
2058
-8830
-42
-2924
-7634
534
-4318
-4202
-2678
9039
-7053
-6133
8535
5953
5430
4321
-4350
2998
2096
2384
-5718
4300
1436
8680
8053
-8262
2686
-3359
7496
5521
-9036
4471
-2189
1001
6217
-5719
7284
9665
-5681
-6728
-2822
1512
4193
7582
5612
-3510
8071
1226
-2609
-9556
-2255
-6441
2780
-2713
-5017
9306
871
5012
-7429
-8126
-1046
-2734
-8128
-4241
-8093
-1362
7686
285
2945
-6044
8830
701
-1792
-2860
1587
-9751
-2530
-9851
-5629
-1176
-189
2241
5110
-9499
1836
4612
4599
7301
-4416
-8260
-8687
-9309
5135
399
469
2646
-8141
-8051
150
-5978
2151
-5232
-6688
-3174
2131
8992
5503
-1304
9437
-8165
-7952
9184
4116
3024
-403
6374
8525
-427
-6435
-6726
6070
9279
-5851
9325
-5867
5442
-1263
-1221
8258
9494
3194
1956
5825
108
9097
4684
-3523
6854
7652
5800
4332
-6907
2414
2577
-7193
854
8653
-9112
4490
4994
-8447
8570
-7418
-7216
4828
-179
-4633
3418
-4136
-1587
-7991
-2331
1931
8722
6028
-1431
3810
-6743
-3293
-2672
-4131
-9746
8033
5002
2532
-8576
-857
-31
2430
5864
-1503
-9725
-5913
-3148
1304
5308
7322
-8586
-6200
2043
9237
-7054
-2441
-7098
-9433
-8431
5757
-8153
-5996
-6237
-8369
-4233
-9979
-6618
1008
-6961
-8723
2892
-6929
4483
-5286
-9311
470
2726
-1392
5755
-8719
2278
-1243
7377
9280
178
-240
2702
9647
-9934
5144
-2629
-7154
9879
-3349
-4793
-5858
4335
7053
-315
-1399
7577
-8221
-9789
-2637
3422
1150
-9282
-2190
-2890
-5652
4699
5365
1102
1638
-1169
-5406
4842
7501
895
4985
454
3312
7468
8522
-2041
-5416
603
-9442
-9901
3852
-5569
-8025
-9848
-5428
-8309
4888
-738
-4688
-4883
7478
3991
-7775
-8409
7045
-8352
3663
8310
-6260
-6419
6793
-4584
-211
-2583
8282
-2687
-6385
3581
-93
3776
8994
-7500
-2475
-502
-9752
6968
-4428
4921
9515
-3435
-2198
-3569
-1375
9196
2795
228
-2095
-3325
6518
7173
-6097
5167
-261
9270
-6700
-3453
-4397
-3819
2236
-1486
-3802
-6482
-1439
-9835
6481
7221
-8856
8357
-7807
5275
-6836
-2147
9128
8160
1154
3448
-3126
-5465
7361
415
3757
5855
-734
-6160
260
9617
4664
-175
-6436
179
8473
3462
-4398
2299
-1334
-7471
-7233
-2833
-6650
77
-6826
-8125
88
9146
298
8449
-5737
-5321
-6616
-4451
-5604
5507
6010
2
7447
5333
-1346
788
3695
-8984
-2231
-2650
6727
-4323
-9141
-5661
-5953
8162
-3867
-1192
531
-6552
7976
4805
-54
-5066
-2587
1385
6673
9312
-6629
-2106
-8140
-2048
5575
-1880
-9070
-1114
-3877
-5267
-5967
-9451
-825
-2766
-5390
8085
2888
-891
4352
9367
-7324
4205
9681
-2929
-8526
-5821
-9913
-2092
-8590
-4270
-3923
-8185
1116
1834
-592
-7810
-6414
-1820
9609
-3737
2292
3193
1731
3346
6204
5209
4907
-6442
-4720
-846
-1583
-306
-5453
3363
-9444
-7332
5423
-699
-8973
3764
3823
-6537
6126
-1657
6507
-6078
-7711
9285
-3445
5682
6462
-404
7681
4807
-4812
6473
3021
6829
4908
-3601
-5948
-5148
9853
-3697
888
4119
-7082
-1761
674
-8203
6247
121
4338
-7992
-3187
8350
2821
-4652
1771
2052
1050
-4207
4275
9316
-4887
-675
7698
1640
-4571
-1260
-1463
8303
-8716
7331
5934
-3607
-9598
-8473
-2939
-3483
-1595
-4678
741
8915
-7939
6863
-7492
-1602
2935
-1740
2062
-709
-1474
7059
-6609
5145
4014
8042
-747
8344
-7318
-1737
6271
-150
-2199
-1853
5264
7084
5174
-6663
-9990
4652
3327
4489
3627
6382
-6063
3543
-4705
4899
4793
-968
3651
-9975
-3071
-530
4457
2956
4308
7325
-3679
7066
-92
7083
-3448
6294
9118
8547
-4818
-6560
-2388
-2541
-3980
7459
4157
-4475
-7530
5232
3349
9536
-3487
1402
9532
5551
-6596
3281
578
-7042
8405
6925
-9001
5793
-3886
5178
-6816
-8083
-3106
-1648
-3863
2504
4848
156
4311
5608
-5039
-3250
532
-525
-1892
-9825
-1084
-7903
3452
-4827
497
4982
-121
-4695
6407
-557
2274
-853
-4429
-9098
5522
1152
8023
6334
9101
-1061
4075
-9777
4255
-6953
-1207
4108
-7498
-5568
-9375
2277
2040
-2812
-9205
-6484
-5478
5304
-3971
1290
-2511
347
7321
9159
7277
-243
5029
9800
3889
-3497
-803
3811
523
5731
-9074
-8235
-3907
2194
-1248
1494
-6613
-9261
5425
-4602
5718
-7293
-381
3365
-2838
-2229
7639
-6634
-7462
8759
-8144
-3901
-8518
-1685
-7754
4480
-2874
-8647
-405
9767
9692
1818
-1697
-2928
-5117
-9197
7274
8330
-7551
9081
-1429
2011
-406
1648
8013
4277
6488
-444
4382
4901
2585
-2975
4371
-7117
-167
-9276
-8010
4099
3549
7114
9371
2313
-4551
3159
7627
7485
1349
-555
-8186
-2575
-979
-2440
5598
-9413
6967
3777
9826
1346
6379
4649
905
-9555
-3494
-5383
7933
-2668
-356
-1031
9188
2639
2978
-4082
9165
-4010
-1014
-5218
1053
-5649
3205
4935
-6540
537
8372
-3620
6896
7506
-9547
-7705
1856
8238
-9514
-4980
2657
5001
882
3057
-7261
7305
-2934
1367
7241
9239
-3979
3862
6050
350
-7325
6275
825
-3023
-8866
-9045
5996
2354
-163
-3667
-4693
-1538
6723
1080
-3102
2477
-7834
-7336
4143
5448
-5827
4401
868
6239
7972
-2257
6807
2786
-416
-8281
-6638
-8365
-9786
-8817
4830
-8266
-6070
8034
-9119
8799
-6556
-2731
3812
1421
-2787
7808
-8752
8886
-1254
120
5955
1484
-8033
-585
4657
330
9908
3511
-7061
-5289
2653
4897
8046
-4390
-7676
-9640
-9710
-1530
4685
-1307
-1152
3470
-6181
7897
8819
3030
3822
-3351
-3353
-8056
5142
-3367
-6501
903
3382
-4185
-4610
1144
-9585
5401
490
-4742
8072
3713
3845
-4764
-3522
-2505
-6277
7017
-6188
-259
-9802
-9037
8328
-9941
-8071
7228
-2354
152
1531
1090
-7794
-9973
-5582
-2857
-6753
5061
4617
2677
-3660
3108
8922
-5642
4147
4770
-7181
-9711
8077
7338
-7102
4690
6069
5744
-9611
-1398
-4182
-6252
-8861
5057
-7603
1502
8523
2906
2936
6931
-4215
-2882
4727
-5084
245
44
-4034
8156
-8206
-6221
5322
-4188
-6089
482
5683
-9460
-9533
-3787
-8868
2403
6223
6785
-6988
8505
9332
7346
5604
-1473
9546
3787
2202
-8663
-2954
-4977
4894
-8827
3808
975
-2745
3984
-3042
4301
1138
9735
1407
2021
3181
1576
-2361
-3379
5802
-1994
6525
-7951
5014
5332
-1212
-6327
-89
-3
9854
-1462
1755
5754
-4555
-391
9589
2038
-2430
7426
3944
-3540
-4850
549
1169
6862
3697
-9464
4148
-2130
-1678
-7780
-1841
-8301
-3956
-4404
-6610
-7666
8964
24
-3948
4222
-2179
-1012
4655
-7246
-5253
-2517
-4458
5498
5562
991
5009
9885
9125
-7321
3288
5260
7016
560
-4361
-1294
7329
8431
9969
6634
3751
-6641
-206
-52
6284
4449
-2942
2188
2216
-9916
-9217
-2351
3321
8575
9003
5897
-2567
1978
2429
3625
8138
-7905
-3818
-278
8516
6822
-7159
-7971
1279
-6071
-8496
-8676
-9429
8263
5751
-3823
-4927
9727
9604
7177
-3215
3916
-3156
-2994
6763
-653
7262
-3652
-1019
5479
6977
8438
4326
9742
8412
9471
590
5338
-6280
-8202
5671
-2099
-6148
-4304
-514
4960
2448
1430
-6640
-6920
-2527
6133
-6527
6336
7431
7934
-4502
-9881
5867
4494
9903
6704
6899
5231
2458
2624
3019
-4544
5073
7920
-260
-2136
3880
-9059
8972
-879
9484
-2520
-9462
-9436
-9780
5555
-3302
7135
5245
-9799
-1782
-4363
-2111
4354
2002
-8133
-1025
-9066
8978
101
4131
6761
-2580
1520
-9227
6443
-6243
7409
5497
-4826
1347
1370
-8726
6644
-2768
-9603
1128
6779
-3211
1241
-5292
-231
-5800
-1111
8673
5494
4180
517
-642
-6372
-3376
-9936
9309
2809
-1010
-2634
-9846
6037
2983
7629
-7167
7622
6373
-7168
-3851
-7436
-1524
-6152
-2360
-43
-6845
-4786
-8666
-9270
-6301
-8649
5176
7013
6539
-8359
8379
-8302
-9626
-9808
-5363
3858
-8045
-9957
265
-2699
-9577
-7823
-5396
6852
988
2059
-1758
-533
-3784
-1754
-8531
-1206
-2930
-7046
-8129
4823
-4905
4665
-352
5984
2901
8127
7684
1718
-4909
-2792
-3209
-6378
-7678
-7840
9360
-4205
-8948
1322
3405
-4114
8465
8898
4605
2343
-1606
-9642
6869
-8652
3801
-9063
-414
-1124
8230
-8764
4824
-7347
-4906
1554
8392
4178
1250
7141
1926
-3107
-3528
-1157
2739
1501
-5918
4709
9323
8021
1340
2949
-7593
-3366
8658
-8516
-2162
3910
-148
3409
-9179
-5207
-3411
-6674
-2349
4203
3446
2114
8990
-430
1782
7399
9034
4061
-2803
8410
43
8520
1451
-3016
-3942
-9862
2163
8022
-2039
5077
3372
-908
3851
5642
8293
5789
-3246
5237
9658
4498
-896
8969
9013
-2178
-5735
-6863
-8236
-7883
9975
8137
6607
5992
-5739
-4226
-2797
-5908
5367
-9127
165
8355
5882
-6883
-6240
-205
6089
-1703
4059
15
2817
7382
-9180
2759
4497
9805
5506
4812
5652
-8857
4138
-140
4990
1687
1104
1951
8113
-805
-1042
-7370
4967
4520
1444
-1748
862
-1850
-1117
4540
6115
-5627
-2767
-8888
-1209
4130
4331
1558
9778
4619
611
-661
5962
4969
2227
7242
-620
-1373
5844
-7127
-6194
-8273
-6387
-6407
-7933
5112
-9507
8389
8747
8242
-1924
3634
9707
-4616
-7044
-4699
-2332
1716
8407
-5072
1952
3186
-5902
-24
9262
-23
5917
1312
-446
-6677
-7826
-3745
-1492
7416
-1187
2565
-2949
-4808
-4635
4866
-4269
-2887
2539
1218
-5386
-9782
9214
9314
1828
-3756
5187
-8679
3556
-3710
-3781
1473
3151
-9361
1689
5168
-4767
9131
-7822
-7578
9954
-8664
2974
-6529
2647
631
-9410
-1073
-4692
2749
-1453
3529
1526
1539
4847
7359
-9734
-9219
5662
-2990
-2661
2098
-4598
1170
8703
1770
-4613
558
-4058
7898
78
8984
935
-1773
7798
301
-6132
-3081
2318
9557
3097
-7410
-5532
8749
6083
-5669
3979
-8064
7469
-209
-3158
1093
8279
8106
2459
571
-9938
863
9946
-1367
-8240
6885
-1736
-5839
3840
-6238
2687
2484
3585
1772
1332
-8731
-5102
4055
9942
381
9538
4246
374
9627
9904
-2532
-6497
-6461
1011
-7670
-3400
2915
8149
-9872
-9576
-2091
9334
-255
2867
-6390
4168
-2188
-6512
704
6943
-7814
3374
4272
9328
-358
-9790
-3360
3066
-4817
1189
-1020
4542
650
7801
-2744
-2413
5374
-3425
7539
-1863
4946
5198
-8854
3601
-662
9976
1123
-9974
-1193
5238
2767
-9999
2684
7908
9479
8995
-279
-1296
-3259
-5885
-8088
9209
-3958
8756
-2232
6628
2595
8375
3234
8772
3022
-771
2308
2748
-7884
-3193
7945
-5488
-9094
1923
7936
4746
-1829
-2357
659
-7231
-2193
-903
-4051
2246
-9372
9022
-2793
-1966
-5690
-7457
-7987
5947
-3238
5100
-2471
-2464
8467
-6568
-5463
3426
7961
-2034
5358
-3027
-7405
9911
-7680
9264
-8527
-5024
-7232
5941
513
1919
-2556
-9151
-4230
6496
9982
-5887
9708
-9267
-7639
7963
-4861
-8151
3360
-627
-4673
4786
-2675
4446
4491
7060
-713
1572
-7443
-4506
-794
750
5204
-6281
-146
-6922
8928
-4064
-988
-3341
6044
8360
994
-3926
-6196
9921
6927
6413
9085
-6099
-1404
3098
2230
2363
4835
9192
-7927
7184
9451
5439
-8605
4659
-9147
-7575
-1002
5785
8307
-7966
1736
-9893
-6855
1452
1692
-8353
3813
9257
-8851
5311
-5783
2716
11
4741
-7399
7208
-9969
4380
-7741
793
2201
9
955
383
-3811
-8564
-5936
4559
1996
-312
-7070
1706
403
-219
6385
-8507
1902
-2728
-3626
4784
-2963
8411
1714
1024
-6887
-921
-1072
6810
5189
-6602
3278
-8219
1062
-8257
-4612
-1369
9931
-9100
-1944
5532
-1240
-1459
-2904
-6694
4194
694
2228
-5032
1392
-4885
-2592
-4563
-3422
4259
-1506
4560
-1423
83
-2752
9129
7150
-263
3265
1299
1039
-2794
4499
-3438
-5968
-7217
7817
8039
-7509
8415
7767
-348
-3115
-8111
3897
6283
-9669
5982
-26
1269
3364
-176
7432
-5592
-9801
-4007
4729
-756
4363
3661
6856
-6106
-5429
4524
-4474
-9418
9728
4291
35
-3083
2660
4902
-7663
2119
-1673
7788
-2595
-1716
773
-5584
-22
896
-8728
-9538
9924
-2406
872
-3794
-7743
-8270
6715
-2423
-964
8965
-863
-1742
3620
-4668
-271
-658
3898
-2148
-8717
3393
-7059
-3413
-4186
628
9415
-2501
4532
-3611
-2588
9141
-2324
4340
-897
-3298
-4619
-1543
1003
9241
8475
-6514
-5446
1965
-4558
-4381
5943
2268
3175
-1393
623
-1410
7183
4299
5352
-7761
566
3404
-9635
6547
-3618
-3035
-8946
-5264
-305
-1890
8255
-3939
-5834
6396
6411
-3018
7814
-5477
-5625
8801
-9355
3504
6659
4676
740
4192
3960
6307
2155
3514
5762
-3253
-1355
-4553
-7594
-3799
-6399
1327
5561
-5684
7586
-1769
7688
-9707
6502
-2478
49
8856
-8923
225
9226
4370
4063
3150
-9398
7537
-3773
1826
-7255
8286
4068
-6832
-2818
-7921
3144
8243
9057
382
-1776
7263
-1305
972
6776
3403
2160
-4593
2070
-9919
9821
1936
6979
7594
3698
-532
3005
-5469
-568
-1941
7993
725
-6858
-4043
-7715
-3011
-6347
-4236
-1981
5136
899
-5984
-8464
7166
6615
-7922
-3261
-5140
8377
1830
-859
1802
-7720
-4042
396
-9694
2214
4707
2156
1489
-3695
8568
-4581
-3240
-984
-8592
-5146
7443
4669
4077
-4227
-3837
-7616
-6183
-7653
551
-9265
7077
-5934
5330
-6990
3105
693
213
4931
5240
3678
-8798
-7388
3095
1302
-5413
-4123
-3984
-8589
1449
1647
-9167
3456
5215
644
-3847
6297
799
6904
1079
9640
2443
7822
-6575
3464
-5748
-9826
2385
6888
-6155
5191
8613
73
7108
-7268
-4749
-5806
-6666
9427
-3921
-4978
-6706
-177
848
1820
-5982
4022
9392
-5243
8970
2515
936
-8424
7970
-3786
1468
5417
-2523
-191
2475
606
-9019
5913
-3312
9205
-1691
-652
59
1002
-7613
-6297
-3256
-5441
-6314
1155
-1843
-9441
-18
-8816
5553
-8903
-3789
-6064
665
-1734
8912
-4154
-1279
-7007
-9754
-297
-326
-6507
-429
-8936
-4019
-4013
9387
7697
-5598
-237
-6898
-3511
221
-7124
-8172
-3277
-1568
-482
-7877
119
-5866
9139
-593
-9884
-375
1861
-4143
4064
56
-5227
-4605
-7196
6485
2700
-2612
-2412
7687
-3903
4350
-1713
2754
7770
5772
-2422
-7910
-7260
4968
-3040
-5817
-1505
4839
-6968
-5395
-9220
713
4290
6576
4428
-8714
-3645
-7088
4972
-3637
7772
-4036
-5277
4694
-1426
2568
-8702
-3670
-2896
-9539
-8786
-4522
-5230
3080
7869
-1525
1021
-2913
-9494
-1068
6739
-836
-6091
-8187
-6219
-5543
6796
9158
1846
9015
-9113
-8229
1871
-2630
6097
3410
9758
2085
-8426
-2800
4573
-3499
-5241
4736
-6153
6611
-7510
6030
7422
-5402
9056
9814
-4997
-7403
2643
7355
7600
-4268
-7145
-8722
-4718
3677
5796
8028
6767
-2153
9794
-1896
-4192
9138
1661
-9188
-3719
-9481
-8127
7523
2619
5776
-2487
-1170
3631
-6096
9906
1917
-7466
-5322
8056
-894
-3262
-9213
9925
5138
7760
-920
-7968
-5578
-3604
-937
-3764
2450
870
1941
-3810
1785
-1409
-619
-7122
-7640
5094
6532
-5503
-8379
2113
-9724
9381
1933
-7580
9763
1865
-4921
5039
-6412
-6853
-7341
4436
7858
6619
-4079
3230
2055
2169
4693
-2141
-8343
4004
2799
-5859
-4105
7950
8834
-9023
8998
-2144
-6612
-413
8261
-2831
-5501
7758
-4466
-7738
-2172
-47
-426
-275
6475
6887
229
-578
4926
-3461
-1821
-7976
2215
-4169
-5486
3731
3136
1261
-2560
-1868
-4288
3535
68
-7408
-369
7364
-442
2547
3031
-9678
9992
-3032
-8164
1636
7519
-2467
678
8163
4778
-999
5928
-8578
-5
5434
2122
6594
-133
8982
-2621
-5359
-1387
5634
-1664
-3201
2468
3806
6067
-1711
8463
9705
8470
9042
-8542
508
-6595
-9927
-5288
6192
-6232
-1950
9440
5627
5858
3041
-2607
-5727
-3658
-7037
3906
-1360
4315
5929
-8435
923
-9296
-4476
9802
3999
2820
3125
-3700
-4032
7214
1548
9504
-9814
5537
-6294
-6127
6746
-2491
317
-4871
5738
-6711
6257
-8582
4877
4822
-7941
1672
8851
-2244
2170
8779
-9419
-5228
-7914
-5746
-2166
3475
-9617
-674
7203
1768
4541
-6654
1136
-9926
7709
904
-2329
-5689
-4035
4953
4855
8083
-5994
94
3586
3063
2329
-1694
1134
1766
-698
8592
6657
4574
5964
-1500
-8065
-1695
-9610
6589
5657
-2399
-3392
428
6902
-4794
-5754
-2214
-2906
-5110
-4768
-2134
-1134
7720
-8376
7505
4728
9593
6736
-1446
-9421
-6651
6453
-7876
9626
-9153
-8459
-6002
-6744
1386
6296
3588
4105
-2474
4427
-3076
-6735
7986
-8912
-5063
-3770
-7021
4916
-2605
-1391
8936
755
-2264
-3135
4391
5205
-4124
2672
7161
5758
-9402
8342
-9345
-6220
8273
-1051
-7918
-4774
7452
5487
8654
-6532
9231
-9351
2344
-8651
146
6252
4628
2400
-5788
9914
6025
2987
-7726
-9107
4950
1869
-6767
-3563
-5702
-9105
-7135
4702
-6842
-8846
-3496
-2760
916
6905
4932
9215
-3902
-3434
3707
-6305
-1544
-5088
9255
9090
7101
4984
-2982
-5419
7774
-9625
-8052
-2302
-3404
-8503
2734
3039
2447
853
9629
1158
-759
6583
5403
-7205
-1928
-7742
-7628
-4067
5824
5155
9741
-6495
-1911
1044
7352
-4838
-6903
6834
-9322
4789
-3002
-7376
9179
-702
-7105
-9091
-4798
3068
2014
5691
4507
1065
-8432
-7188
-1412
-2516
-2450
7644
-9192
-8945
6540
-4926
2424
-9330
-8480
1533
66
9271
6633
-8727
3539
-1897
2454
-9089
3036
2798
-400
-6490
-949
-7149
-6599
2874
6079
3978
-4746
-4445
-1151
-246
-1430
-2970
-4787
2699
4629
3500
-9182
-9623
7677
-6703
6277
1455
-3846
8434
-6322
-6272
-8960
2219
3710
-5165
7784
7956
-9042
4485
-2346
-8835
-3775
6113
-4430
6003
-3733
2588
9048
-4841
-2619
2374
1795
4755
-4395
-3031
5212
9204
2213
7251
-9648
-2337
-3559
8326
-7566
4614
8073
-8408
-1809
-2669
-9696
-3500
54
6952
-3838
-5829
1084
-5880
5556
-3553
8849
2729
-8606
7930
-1972
5004
8527
3258
-9067
6516
9289
-6312
9949
2712
8595
8660
-4191
-3008
-914
-5388
-5793
5636
9045
8102
-6151
-9529
6986
8753
8556
7410
-7249
7498
-9015
2863
1022
9080
8561
6504
-1652
3616
8786
-5255
-715
1325
-8871
7079
-610
2546
-9779
-3960
5856
486
6478
925
2302
7200
6656
8949
9401
-5397
-4234
-2007
-1670
1497
-2854
1182
-4163
2814
8681
-8539
-4086
6220
8458
5588
-1564
253
6295
8289
-7811
-8494
7630
1810
-5559
2811
8186
-7923
4086
8850
3009
-8285
-2296
5887
-245
2462
9061
8873
2893
-2281
-6829
9852
-298
6918
-4854
-2012
-9689
-9874
-4917
8932
9966
-8608
6733
-4895
-721
-4981
2531
-5767
-2454
-862
-7180
6592
-3987
-1816
-3836
5630
-8746
-4622
-8536
-7139
3291
-4177
-221
9012
9290
1364
-2926
2822
-2121
6282
-7657
7140
351
624
-2866
-6061
-2074
107
-8265
3458
-1643
-9086
7204
-7717
5835
-6008
8966
-5502
8373
9684
8386
-4777
5390
7612
5613
1220
-8142
-6930
3481
-518
6198
-8694
-2525
-1635
-3295
-5367
1863
5640
8115
-8695
3702
8203
1780
-5116
1094
447
3645
-5462
-8701
844
-3978
-5360
957
-8840
-6731
1752
9825
552
5182
9840
3893
-7514
9102
-3227
-4393
-7095
-3951
4237
8735
7231
9894
5724
-4062
-8385
9104
2569
4936
-5261
5091
3371
4314
-4567
-8049
-1985
6948
-6371
8443
2191
-7679
-7611
-847
-9357
840
5201
-6873
6962
8713
-8501
-1894
-5370
-2315
2161
-5667
-5970
1283
5883
6136
-5791
7913
9730
135
8796
3546
5380
-6745
8088
-7036
-9730
-2431
6766
-5205
-1705
-6254
1734
6982
-7300
-6671
-6300
9955
3756
5876
-6897
-9117
-8360
-7710
5557
-9156
4978
-1899
-3257
-6536
4575
7799
-9010
6685
-4201
-531
-3429
7944
-1186
446
7754
5255
2882
3471
-3642
-2401
4356
4229
8933
9202
4543
8728
9220
3356
-7378
-3628
-9250
-5814
791
-4945
-3468
2284
-9563
457
-9204
7167
-153
-3678
8608
-9515
280
3499
1337
-8456
881
-2461
9047
-2334
5203
3548
6782
3850
3350
3463
9156
5143
6580
6208
-6396
-7057
-2973
-7632
1052
-8417
527
-8547
642
-6765
4934
-3983
3559
518
1267
2947
-6637
-3109
8845
5472
5665
8349
-3715
8305
-7756
-8809
2744
-9114
-2688
-3943
-4831
-2236
5118
-7887
-9480
5356
1903
-2225
-3136
-5916
1503
630
-1818
-3363
-6259
-1281
6792
6165
7133
-2763
-6759
-3809
-8862
7508
-5603
-4448
3496
9107
804
9493
3675
-5860
7136
8833
7195
1227
7751
-8969
-4572
1507
489
1804
-8740
5838
-4360
-3659
-5049
-8425
7043
6964
765
-1164
-8057
-9384
-8780
9418
6435
-7384
-778
-919
9145
-4098
-2841
9991
-3078
254
833
3249
387
2490
-210
8659
2106
4169
4763
3760
7718
-9165
-3575
-2402
1205
-2131
9193
9943
3336
-7788
-2126
-2899
-4568
2242
9747
-3858
4073
-1452
-5236
-9458
9525
685
-2868
-5935
-4473
3517
-3749
2696
1877
-563
-7415
4585
5056
-3324
-8090
4640
-2420
-1249
-4912
-4847
9823
-5006
-539
9875
-4620
-368
-723
4977
2516
-6349
-9877
9603
-4734
-8476
93
4364
-2019
-6426
8378
6124
-5327
-78
1142
3221
4583
1966
6884
-3829
7592
1397
3155
481
8649
-947
-1675
-4174
-2215
-8200
4221
9235
-2507
5700
-9268
-5704
7461
709
-2340
-9655
5543
8272
-4113
-459
-5432
3640
8987
-5168
-1717
6279
-838
-9838
4623
-9705
9580
-9099
-9886
587
9893
-428
6747
-6404
-2737
-6266
-5151
7736
1160
4767
621
332
-5973
-8377
-7929
-4437
4347
-1975
5707
-3371
5298
7340
-5558
-1222
-8436
7226
-303
6183
-4083
-5740
2518
9249
9168
6243
652
8614
9952
-494
-6925
-57
-9495
7049
8048
-3369
-8555
-5337
-1644
-7786
3540
-3112
-2876
5803
-61
320
2172
8044
9936
-3389
-2705
8109
9702
6428
2332
99
-8110
7131
-8864
6799
6738
-2733
9615
5675
-1876
1577
4743
-7441
8478
4214
-3377
-3629
-2407
5222
-4955
7238
9553
2411
-3163
-3346
-2802
9233
9907
-4867
-51
3055
4653
5977
1085
-2201
-497
1705
-1258
4106
-9231
-1319
-7172
-7271
-3050
-1133
-7206
5161
-77
8615
-3739
4537
2634
-7155
137
-7605
-9930
-3612
-178
2365
-8689
-5826
-2572
-465
-2122
1416
3554
-8745
-1289
-7259
6484
-6142
5383
2917
1361
-8976
-7379
-2905
-8201
2140
-9549
-797
7824
4794
4473
8095
6606
-9921
-3191
-3973
-893
-6900
6731
1543
4625
-7602
4609
2937
-3214
-1210
4400
-7307
-7544
-5945
-2417
-7392
4851
4817
4136
-6862
-3977
-390
-812
-801
1354
2603
-2396
-7029
-8571
4039
8885
-4579
-6491
-2018
-6919
6470
3466
-712
6405
-4074
-7137
5833
-8783
5660
7633
-9120
2782
-7841
-9140
9533
6530
3444
-6983
-2652
8167
-393
-5811
468
-1898
6259
1254
-8639
3106
-2647
-9050
-5682
-1724
9939
6048
2693
1541
5420
9540
-6701
-1845
4578
-4642
1811
4919
8070
190
-6772
-5246
6786
-5986
622
4601
-3474
-5546
2529
-1442
1450
2725
-2602
9633
8110
-8422
4810
1622
7921
6129
7179
9247
-1738
1748
-9336
-4050
3369
-9256
1588
4094
-417
-8414
5101
-7825
6951
-2228
-2554
-1671
-4889
8508
1027
1635
9864
-3672
6326
-8441
-4176
6533
2319
9177
7620
-222
4062
8697
3428
-5716
676
-3450
-9392
6389
376
5500
-8032
-168
-2070
3430
6063
2237
1799
-513
-4690
-8258
1101
1308
8802
3502
7694
-743
7450
-117
7550
3824
-7629
6903
-4772
993
9282
-2932
-9665
7259
-5407
-2238
6823
-1487
6537
-2400
5791
-5857
-7545
1983
-651
4725
4464
8725
9689
8084
-4574
-8312
-4864
1135
5153
6199
1181
1209
855
-9387
8181
-8328
5218
476
9845
9069
-345
2728
800
9331
8145
3394
8899
1663
-8341
-7464
1717
9775
-6908
6828
-1437
9273
-8314
6569
-109
-2128
-3318
1776
6424
8534
-1018
8049
-5842
-3234
-1879
-3648
1860
7090
-7262
2324
1994
4758
4616
-1976
6783
-1163
5340
-3872
2512
8784
-9500
-5033
5451
3997
-7097
7611
7041
5786
6061
3943
3114
7122
-5284
-445
-1684
-1220
-3735
-9965
-9284
-5520
6972
-1888
-3866
-8485
-6094
5836
4826
4564
-6009
-1575
3927
-3055
-3608
-5272
-3634
-6410
-2961
-4260
-4197
-1070
2368
-4372
-6949
3705
-556
-6310
-8486
-5089
9438
8803
-5521
9041
2924
-6456
-6902
-1679
9385
-3598
-2203
7787
7471
492
7666
7571
-2342
2788
-2981
2858
-9304
-7453
-7315
3778
371
-4069
-7953
5419
-4351
-5211
7026
-7401
-3677
1777
-5031
1769
3416
3306
2003
6797
-7658
-4940
-8190
6529
-1364
-7687
9222
-7047
-4420
-266
-6819
-6820
822
7763
-6586
5473
2724
-8017
-6452
9716
-3560
9646
-6079
4209
2520
-7536
-1580
1922
-229
9256
8024
1111
-3795
2784
3783
1569
1760
8541
-3244
3345
-2723
-3606
8807
-7643
-4240
-6934
-1811
9620
7397
-3443
3295
-2897
-299
1660
4117
2238
-4088
9838
-5591
-877
-6326
7086
3536
-6847
-8927
-8877
-3881
-9992
9866
-2445
-6186
-4562
-58
1601
7914
-6938
7895
-4543
-6138
1478
1565
1156
4857
-3965
-6478
5936
7019
1228
-1464
5822
-7655
-3147
3715
6479
8111
356
2591
7463
2461
-1605
271
-6719
-4754
1516
-3322
-6082
3831
5124
3414
-9584
-558
-542
1246
-5086
7188
-7039
-873
1121
-7465
-4387
-9062
-5549
3557
5563
-3692
-1264
-456
3101
2257
-7878
-4332
-769
-7570
3633
-672
6765
-5304
7589
-2555
2092
-412
-787
4389
4013
-8788
-6389
4341
4053
5810
-9164
-3972
3534
-8628
4829
594
-8829
6871
-9366
-6439
-705
-2308
-9929
-3992
-9863
4621
3924
9621
9653
1904
-1997
352
7244
7618
-7562
2323
6963
7439
-2270
4527
-5237
-3909
4019
-7120
-6222
-7250
4129
-9887
2081
414
-691
-378
3473
-8177
-2456
9710
-8665
-4142
-993
7033
9619
-5191
187
3103
-1171
-2322
5891
6427
-2718
3576
-5130
-6585
-629
7701
6536
-2944
4037
8709
-4967
4539
-3671
3949
8515
7721
5893
64
-8157
-3843
2682
-8252
-969
4706
5228
4939
-9319
-3935
3855
7596
-9691
3085
-5333
1741
-6658
-4520
5674
7253
-7301
3750
-5369
-4840
4720
-131
-1001
-7374
-7671
-2916
3334
1713
6878
1387
3523
7344
6956
-953
3260
9501
8369
-7003
-1712
2942
4248
-9181
-7258
2497
783
8605
-4116
-1262
-1828
-5338
4666
8738
1960
7076
6929
9666
-7865
-8442
2474
3686
-7737
4820
3461
-7199
-8667
-9692
-2300
919
6559
4860
1854
-1625
-5129
6836
3251
5236
-3712
-1004
-2242
600
3953
-4815
-5282
-996
7842
9243
-948
-6032
-4954
4712
-6135
9697
-5575
5564
-3273
-5082
-3388
-3835
3509
-5101
4357
-2213
-9053
8640
-7209
7561
-5173
-370
-3204
-8808
6833
-6236
-9909
2370
496
-4129
-7700
8900
-6553
1756
-7581
-5933
-5797
-7618
5214
9990
819
9278
3825
9149
1816
-6302
-5295
-3408
7865
4555
-8850
-749
3562
1214
5769
1231
-3384
3869
-4770
8302
-79
256
8688
-7084
-5540
-4796
9117
4024
465
-1633
2594
6671
-7751
5495
1680
-180
160
8777
5141
-7277
6587
8913
9780
9571
3300
3530
-7148
-7701
-2538
-5229
-6066
-4041
84
8097
3493
-6542
-4943
8531
-3812
3207
9801
-1536
-9638
3520
-7698
-9830
-1085
6934
5199
-9988
-5036
995
5284
9782
5287
-4516
8287
4825
-411
-4463
528
-9745
6875
-4369
9424
6425
-2282
-4063
3876
-4081
6219
2722
9579
-935
1383
8686
-998
1613
-1509
-967
402
7067
-4631
-4322
9487
-9652
1321
9327
-7380
1210
3528
-5749
-9081
5044
677
1831
4854
-7607
7216
-473
5971
6710
-9987
-7245
5861
-7619
6036
-2216
-2398
8197
-4225
-5113
946
5901
1031
5082
6703
-1956
9674
-5847
1751
7343
1659
4887
5357
52
5733
-6475
-7511
-2313
4831
-581
1793
-1531
-2574
530
-5942
5150
4904
-3054
1929
2561
2704
-1045
-1284
-1349
1988
9020
-6304
3564
3100
-1760
-1449
6997
-338
-909
8712
-9735
-64
4329
-3742
9033
-1320
-9816
8249
-5342
2248
-5518
264
-6984
-1502
1275
8650
-4100
-7532
-1965
8122
-9788
4072
3998
-6577
5172
-3282
2494
3913
-9008
9310
6494
-3804
-9260
2229
7281
-3321
6937
2697
8769
-5349
5428
-2382
8732
-8066
8558
-6890
3929
-7013
548
8496
-6962
9704
9122
8288
1049
2982
-1619
-3364
-3449
2996
-6241
729
6378
-4665
4806
-4930
357
-1257
7472
-9651
4668
9263
-731
3383
5684
1797
-2237
5345
-1632
-5166
-8347
-6895
8676
6941
2873
-7507
7190
2601
-247
-2770
5087
-9143
1211
3780
-5269
3709
-2424
2120
8618
5046
-6047
917
-7869
-8180
-9287
6226
6531
-6487
4123
-3165
-1149
-9601
638
8639
6661
4580
-9472
2294
-7529
1051
-197
1866
1257
5695
5827
-1920
-7212
3339
-4002
2222
3538
-7875
-735
-80
-3164
164
-1805
7789
1363
-8038
-2352
9607
-7712
-6345
6465
-3465
6300
5020
-3825
5752
9036
-4849
-5316
2623
9442
-4441
-782
9151
-7827
7225
333
-5287
9155
1036
-48
-8818
186
2394
7658
7095
-4005
-6145
-8150
-2559
-7468
7903
1761
9197
2279
7696
-7052
-3130
-1676
-2625
-7526
-7242
-4345
7106
4360
-8971
-7434
4345
-6739
-3520
9454
-8550
6678
5184
-4016
-4338
13
-5877
-8075
-4320
-9057
-8957
7006
-2509
-2483
-1593
563
-4727
9294
3501
-6582
9768
5753
-2991
-4503
-3457
8835
-8243
3594
-5897
4962
8391
122
-8799
-8168
-9237
-8645
4730
4297
7812
-1495
-5891
8837
-8387
-3178
-8600
4377
7376
3188
9709
-4965
7546
2544
-4990
-8587
930
-5979
6442
9114
9422
2375
-4933
-544
6201
7499
-4336
9876
6771
9473
-3950
7649
-6763
-3095
-4632
-7516
8220
4808
-2295
-5440
3742
-6535
5422
-798
-1891
7075
4155
-264
6194
9170
-9540
9448
2673
-1647
-4443
-1416
-1715
-5555
-4152
-9645
6289
-2694
8450
5656
2336
-3713
9901
9512
2180
-6910
-4045
-3105
2489
3118
-5170
-4021
-7829
-4331
-8271
1491
-9923
2523
7217
139
-8795
-2620
-2910
3226
408
6772
8319
-2646
-9320
6418
9010
7466
-8130
354
-8797
1835
6455
-169
5847
-7852
3434
2941
9402
-7164
-9194
4719
-2613
5186
2392
7886
1435
8860
-7304
-7577
5078
-8657
9025
-7398
-765
-3953
-5768
-8924
-7447
6978
9051
7826
1945
2133
-4384
8069
-7915
2958
-9346
9480
9761
7093
8632
1481
2506
7973
8569
-4975
5922
6513
-1708
-5597
6164
3268
-9600
-2005
-4604
7176
5337
3084
143
-8672
-9223
2176
9614
-6924
-310
-2177
9715
2733
-932
-8968
-4172
3699
-4378
-4710
-3779
-3583
5569
-810
-9016
3525
6415
6338
6759
-9484
-1656
-6050
-8833
2652
2190
-3513
7198
1338
-973
-9275
2796
-8757
2223
-4972
9076
4273
-9506
8867
731
7243
7145
9632
1492
-9810
-1665
-823
2139
-4072
-5509
873
-6500
4264
-1131
-7886
-9742
-5492
-3084
-2403
-5553
-3839
8192
4782
-8488
7387
-5929
8425
-2543
-6438
2509
-6742
-3765
-6754
-1436
4228
1200
-3296
7491
-469
-515
-3442
7218
3967
-2379
-98
-4078
-3519
3370
-2102
6590
226
-6686
-3012
1992
-437
-3653
74
7543
-8959
2218
8190
-1183
1175
7634
-6130
-7144
-8646
8019
-8089
-6101
-6592
-3394
-7501
-2867
8067
-7585
-1745
-7215
5125
-5875
-4836
-1234
-4160
5798
-4878
4764
-2139
-1682
7224
2610
2371
-3057
79
5645
1146
6068
6162
-745
-6185
1166
-1902
-5430
-7537
-9000
2117
-9235
-5423
6620
-7444
2463
-9279
3485
586
2837
-6234
8862
-757
-7839
-7351
7935
-5258
-5954
9350
-9290
-5896
6626
-9122
343
7528
-4324
-6249
3739
9121
-9354
8057
-8159
-5562
-4820
-9597
-3491
-8832
-7557
-9567
5566
7402
3420
1245
-8724
3652
-8026
-5186
8866
6231
5063
-5389
-3587
-5437
7640
-2714
-2117
8945
-2083
8259
-7541
-7207
-1624
-6723
-5799
110
9302
-5987
1259
-1609
57
183
7732
-6458
-1095
-5239
-2368
514
-9193
6579
-6184
-7175
-7944
-4353
-6344
9268
118
4516
-4365
-10
-976
4749
-5326
1590
-6876
-9517
-9090
4518
2598
-7518
-9376
-8388
-7019
5878
-8295
5759
2167
9067
-6134
6091
-8268
3006
-1109
-3874
9375
7335
3161
7563
-8423
5429
5611
-138
-2280
1348
-8340
-8979
2121
-5280
9505
-7973
-6392
-1567
1961
-2330
2800
3741
8423
2879
-971
7769
6844
7657
5196
-71
885
9623
-9121
2505
-8011
-498
6820
7048
-1775
-9272
6323
-4941
-1511
1253
5230
2297
-9002
7848
6384
-8913
-6814
-6944
-3529
-2484
-8410
5320
-328
-2079
5813
-3501
5536
-9915
-8940
-4939
-8709
-8967
2957
-8819
-8512
6227
-5874
-7758
-195
-9470
4955
6770
9806
5377
6668
-6425
4369
4646
-5912
-6306
3335
-6340
-9196
-5263
-6942
-2288
-4094
6980
3208
1120
-6563
-5997
6719
9831
-3279
5512
2031
8313
-7857
67
1488
2920
668
-3798
8239
-795
-5141
4876
-7355
796
6206
-711
5476
570
8456
1500
-2192
-7621
-3347
9673
5680
-8730
6420
3531
6534
-2310
-7520
-214
2738
-2754
-9017
-1088
8433
8498
-6709
-943
-6110
-7344
3607
-4194
-8166
9503
-594
-9880
-6854
-6431
2387
-9056
-2472
5845
-5596
6846
-1926
2434
-415
5877
-5616
-7357
392
-8901
9113
-2656
6135
5267
9817
3455
-6799
6315
-8584
2095
-3190
4226
-6006
-5949
3544
565
-4153
-5507
5492
-2546
6637
6832
-8450
-5577
-7727
5246
1233
-7452
-1970
9887
6741
4035
4687
2413
5880
9499
8339
-1074
-4911
1395
8087
1631
-5484
-9758
768
5792
-6434
7942
6121
8218
-7115
-2087
-1377
-6397
1466
-3489
9064
341
-5190
-2497
8440
5616
-885
-1203
5809
-4048
3413
-8580
7678
9296
-604
1998
-1324
7957
-1353
7014
2635
-7802
-4180
4803
-2902
4293
-7920
-3462
-8878
1746
-916
4165
-4109
5375
4957
6691
-2810
-4406
6090
-5633
8290
-2327
-7381
-9690
1568
2664
-9230
1578
8879
-6437
-3131
-8421
1333
5529
-1040
-3780
-6828
282
7939
2750
9363
970
-2717
-6649
7118
4911
-3038
5737
-561
6812
-5844
6340
-3380
-232
656
-3066
6248
5376
18
-9684
3604
-1055
-1895
113
2558
-6265
3884
-5296
-4681
7407
9535
6486
7462
9577
-8570
-3049
3672
7130
1749
-4615
4508
6523
-1179
-5619
5807
8143
-2253
6973
-9911
-8392
6110
561
1732
3922
-9106
-8420
-7005
5523
6114
-7911
9618
314
-2125
-1666
-2495
-1141
4662
-6664
-7672
-9134
-3568
-4914
-3725
-9259
-9324
-1344
5623
-9202
3259
-3046
2522
5156
-5075
-4090
5202
4166
-488
7932
-7316
1671
-9847
9749
7107
7005
-1345
8729
3772
-6054
5169
-3058
-2827
306
2492
-8943
-7069
-5756
-541
6944
4028
-1810
-4003
9783
-1165
4027
990
-8551
-6140
1239
-9144
6574
-1137
6725
3575
817
-3022
8341
4514
-8802
8447
2692
-1327
-7366
-1057
-1846
-7863
-3946
-9049
-5524
2869
-6405
5814
9364
9425
-7962
5050
6609
-8514
9430
-6720
7783
-8176
1837
1935
1602
-3801
9389
5292
4680
6319
5946
-9522
3146
-4212
4544
-7470
7302
3121
-7890
9790
-876
2089
9421
3935
-697
-2084
1790
4139
-5278
4971
-8843
-602
-4170
-5742
-7094
8436
-4548
-8081
-1937
-3169
-6771
-5531
3180
86
6316
-7816
-4547
-3514
602
7312
6158
-3769
7360
-8613
2933
-194
7437
-424
6764
-4603
7477
7844
6837
7467
-2457
-4778
8559
-2676
7837
6169
-8278
3603
9897
9562
625
384
7674
9133
5414
-12
4234
4424
2845
-1824
-1571
-6827
-8323
-5733
-1653
2289
9916
-2677
-9334
5693
-9680
1858
-816
-9608
-1638
1710
-1674
6024
-4996
315
1514
9611
7894
1005
-8844
-7208
4678
-174
4177
-1936
7502
-752
-6963
-1282
3595
-8224
5688
7526
3918
-5145
-9416
-770
-3936
8207
8063
-9386
4296
-6693
8924
557
2669
3711
-3931
-1129
279
-7488
-4721
9721
-1826
6729
-2394
-1229
-3278
-7194
-2959
5979
-626
3090
5098
7941
-6328
-6911
-104
-9266
8134
5258
-8554
9522
-81
4020
-796
-5725
4124
-6502
6317
9224
5474
660
-9388
-5468
-130
-7993
4708
702
-8167
842
-4648
-8372
7625
-2940
1612
-6341
5471
5276
-2044
6086
8471
-3140
-3845
3818
-6067
-5368
502
-4882
472
-1731
8581
8981
-9040
-2080
712
-2708
3
4343
-3103
-8381
-3945
499
348
8991
6989
-3478
-8599
961
-6118
9311
7762
-5941
1911
-5335
2369
6256
8677
689
-8332
7987
2608
1644
-8267
4279
-171
-7873
-6014
6071
-6740
-7183
2433
-3906
9795
-8880
-682
1700
-7750
-7499
5048
-1096
-7099
97
1654
2575
7002
3077
-1132
2887
-6773
8961
-4422
762
1842
8783
460
7
3341
6596
7599
6134
-3412
1973
-7243
4406
-4392
-9095
7282
-5969
-7998
7293
2445
-5677
9688
2422
-4908
-1047
9777
-4968
1143
124
-4760
5510
-6943
9409
-9283
-1844
8537
929
-3159
1560
3598
-4076
-4022
6000
-694
6728
-5872
-9448
-8205
-6780
6672
-7430
8274
1236
7273
-1312
7116
5686
-8246
-522
7695
-8117
-2263
-6060
-1083
-2078
-574
8827
-8013
6508
9552
-4626
-1361
4437
-804
-8331
-9903
-7490
2943
-2233
6330
-982
1985
1711
-196
-8954
-7844
5052
-2335
8123
-3889
958
-2486
8226
8325
-1283
4211
-6544
-550
6304
-7022
-9940
-5594
7015
162
-1797
-9273
2848
-1150
-8675
3718
-4876
-8793
7455
-342
-6449
6803
-7721
579
-4141
-3124
6359
-7522
-1143
-2756
2300
5614
-7372
-7899
2399
2143
3044
5860
4943
6908
5384
-1696
-9115
20
-3875
-8115
1968
-8015
-8524
-8525
-9820
1544
4689
2104
-383
-2781
-8642
2094
-354
-5579
475
2903
2921
1907
5233
1721
2563
-9489
-941
5412
2235
-6193
-571
-1144
-7038
-4719
5828
4492
5606
-6480
-2002
3331
8200
-4267
6676
8761
8232
3547
-4913
9606
7656
4367
-355
-9009
1394
-7531
-7604
9390
3828
-553
-5983
4381
-9768
-3428
9269
6076
-487
8446
6469
9547
5208
-4293
4429
7960
3250
-1181
-1540
-5893
-936
2642
5651
-2514
-6187
-2738
6245
-471
-6909
2891
6267
7883
-2989
1018
-8098
-8059
-7198
2124
-9888
-1554
-6115
4608
4593
-4814
-8604
1316
3053
7569
-9328
-8063
4160
1244
8774
-7253
5028
4422
9961
-4484
-7129
-8906
3126
-809
2340
3965
3123
7614
-4976
3229
8345
-8102
4251
1163
3524
9682
-2964
-1311
-727
-6690
3447
2970
-8324
6409
7919
-5100
-7819
-8909
-6255
-9432
-2689
-3120
6
8476
-8928
-9488
1382
-1641
-788
-2247
1119
-2765
-3405
-6128
7733
1995
8829
-5736
7879
1614
-802
7525
-1884
3185
8963
6362
666
6949
-9994
-9800
897
4078
4814
9661
9351
8823
-9024
-6433
-8822
-5046
-8900
4201
3555
5478
-7157
-3186
-8315
-5691
8180
-8711
-5455
-9446
-4868
8014
6186
8782
7588
9977
-5668
-8794
-8915
-3842
5400
7671
130
-9111
-646
-5375
-9807
-7597
9848
-4588
394
3152
-2466
8539
9844
6150
1129
5910
6932
6652
8420
-2569
1221
1690
8472
-3143
5797
-3183
7091
-6308
-6870
589
-730
63
5826
-1529
-9713
9124
9918
-3720
-3052
-2715
4466
7229
6088
-7664
-8382
-631
4305
7642
1460
-7793
-1139
-2539
169
6914
2496
-7609
5243
5253
-9166
-1389
-8276
283
-1184
-3766
7635
-9858
1524
-5938
-7387
4111
-2223
9669
682
8800
-6488
-5270
8491
5407
-3492
-9667
9654
-589
1824
1149
5568
318
8346
-4436
-5076
252
-724
2301
914
-3144
2203
-3024
-9770
-6400
-4592
-9085
-320
-4415
-5673
1305
7723
5361
5406
8591
-1955
4435
-9362
-2123
747
-4145
4182
9150
166
-1526
4065
3945
9963
8421
-841
-3472
-3890
-3365
-4957
-2374
-223
-2565
5886
3153
2556
-9920
-5496
2590
5000
-2585
-8994
-9614
-5926
-9864
6791
1954
1522
-8077
-4027
-4408
-761
7223
-8703
-8251
-6757
-6698
-3088
-102
-708
3720
-6317
287
3802
9349
278
185
-5479
-2251
-4340
4479
-107
6292
-7073
6011
2004
7058
5280
596
25
-4559
-8179
-3767
3729
2253
-5483
-6136
3617
8986
4270
-7326
-4311
963
7064
5335
4397
6501
-8683
-2266
-2427
-8548
-549
1916
-4425
720
5351
1754
5995
7568
29
-4106
1905
-3693
-7997
3655
-5120
-7119
-9242
-8429
4265
5591
-7002
7157
-5041
-8594
-5405
5402
-5387
3875
1263
6457
-5628
-3966
7560
1641
9564
2221
9376
-3717
5768
1493
8859
-8659
-9647
6561
-5943
1679
-9325
-3893
5895
-8713
-3340
9797
-3033
-7644
-2724
-9477
-2425
6461
4747
-9520
-630
-4276
4462
3376
9206
-5177
-8040
1431
1278
2479
764
-7803
-5197
2386
7741
-8009
2979
2382
-337
-8618
3691
-5613
8598
-2118
795
-4319
-4238
3836
-2112
-1333
4633
8617
-4371
4893
4710
5035
-2145
8805
-7906
9414
2777
6566
9021
2580
-657
6509
8210
6018
1243
-7113
3829
-7133
-343
8586
8657
6984
3480
2802
3018
6901
2437
9463
5107
4726
1307
-8319
1016
4992
2320
5842
3522
-8626
8606
-2720
4963
434
-5181
-3029
-7733
3058
8880
-7291
2137
9587
-3830
-989
-4670
-3609
2986
2962
3438
-9925
-7382
-2197
-4329
-911
-5695
5873
-9510
2592
-6420
-8237
-2380
-3475
-6122
5641
-3303
-6415
-9466
-4732
9554
2746
-1815
-7812
7818
-7160
-6933
3959
-2923
-3561
-8892
504
-8411
-2290
-7674
-7174
-3567
7051
-258
4083
-4
-6520
-1470
-677
-5001
7534
1439
8403
3012
2587
6987
7454
6808
455
-458
-611
-8787
2721
-9327
-824
-7790
-6483
-628
-1427
-8810
22
-9856
-9632
-1958
2435
-6506
6923
8528
-6565
-2952
-2732
-8699
-5444
7514
-307
907
7233
6452
-7240
-8398
-9088
4882
-6972
-5871
5909
-9519
-1125
7038
-9030
8132
1165
-7975
1656
9223
-440
-4545
-958
2063
9878
-1211
-6108
6874
1508
3919
9506
8308
-7559
2212
-9935
3027
6483
-8543
3865
-8478
6950
4141
-6264
6045
-6365
-6092
-4805
5690
-6057
-2811
-7158
-7696
201
847
-5114
7205
3630
9411
6049
-9381
-9732
-2453
8942
-2967
-3264
-3070
6630
-7767
8086
-8767
9345
3014
-8386
-8632
-8108
4906
5673
3143
-418
4403
-3220
5514
-1396
-4741
-397
-8297
9287
-6905
3074
8571
-4414
9734
-3309
-3592
-5021
-2268
4562
898
-7893
-870
3791
6230
4081
-8553
9739
7350
-9483
-362
8509
-2599
-1917
1702
2940
9018
-8099
981
-5779
8304
4545
1532
7071
6645
5815
3246
-94
3398
-9620
1712
-8774
-6736
3890
-7837
-8777
-5281
-4973
9787
5302
-6056
8675
5990
8775
-6682
711
-4857
7279
-4490
9347
5576
2264
-6137
-9605
-5343
-6074
4412
-4093
-7963
7958
-7913
-5698
-4252
-3783
3841
-9161
-7433
3512
-7075
6354
-7534
-8789
425
-6446
-4761
1765
-7699
1617
-8567
-5182
-3189
-9323
1912
2005
3609
-2110
-6776
-3582
4266
-4583
-9281
-8078
-7166
-1335
5905
-9383
-1660
2312
-2049
2426
-7006
9645
-815
8221
-4139
3597
8361
-2303
-2576
9420
-2741
4871
9135
-3595
1315
4051
6545
-9681
-2042
-9952
9084
6842
1164
-3538
7246
2359
-6499
-9399
-1300
5635
-7682
6087
1927
-9022
-3883
-410
8838
6924
8152
8424
6632
4531
-1017
242
-1637
31
-5404
8469
-8790
-3791
5533
8918
4374
7815
-8566
6542
-7221
-1501
-8937
-5045
-1103
-3994
9956
-2700
3972
-384
7553
-1063
8131
-4089
6826
6065
-6447
2760
-3139
4095
5765
-4683
-1704
550
1596
-233
5496
-8483
-5512
6610
500
9058
7706
-1153
4961
-2305
9212
-2085
-9551
4885
3271
5963
9835
-1938
-6513
6546
9514
9762
-830
-8841
2039
6575
-3924
-4974
-5630
-1852
4754
-9656
2406
-3912
-4894
-5600
7347
477
-8069
9995
-5685
2783
4634
-7978
5746
4850
6527
-7592
979
2412
7746
-689
8820
8418
2703
-7539
-1272
-204
2013
5034
-5466
8031
-1900
8040
4996
-6904
-4773
3113
-5350
2641
3149
7503
-318
7937
6100
-1237
-793
1728
3304
-27
9236
2226
620
-2476
2528
-901
2348
-7203
1375
3096
-2849
9245
5468
-2169
-3402
-5675
-3409
5064
206
5328
698
9588
8032
-4538
4840
5041
-6782
-5266
984
-6932
-8965
3421
-534
1937
4114
-7066
5894
3011
-3933
-8147
-333
5654
-2544
3942
2428
-4601
-9020
-7185
6617
6919
-2937
-4738
7494
-9497
-673
-8574
7967
-4504
-3570
-3161
-7463
-1725
-5798
4318
9756
-5156
-567
1665
-9289
3624
-3535
-6386
-8661
9313
4631
1187
-5818
-9485
-8433
4257
1479
-839
-1276
9517
-2853
7036
-924
2334
5692
-5064
-8072
-5541
-2813
-1801
-99
9228
-8887
4349
-4682
-9618
-4442
6879
-7648
9248
7371
-9471
5823
9227
6894
-8438
4716
9397
7867
-4537
-5212
9792
-5728
-8759
211
-5356
9544
8901
8545
5349
8519
3167
-5493
-8975
3966
-8465
-7397
5597
4998
4572
-4989
-3396
7540
6688
-1658
-2631
-5224
2791
-9450
-9945
8903
3657
-1041
4853
7880
7333
1406
1284
-2809
-1942
-7572
5130
604
-5873
-1348
9307
934
7373
2078
-2671
-597
-8406
-5214
4070
-1730
7024
-1907
-6208
-4677
275
-2825
-1993
-1645
-5474
-5244
-3640
-2348
-4402
-4925
7354
-2980
6417
3690
-8122
2854
-9509
-4589
-9132
-5846
-7435
4268
3396
-9318
-8847
-9530
1280
-8174
2904
-1267
-6282
-7032
-813
4339
5454
615
-4407
9598
6624
4553
9858
5528
-7118
-8919
9137
-7845
259
-678
-4237
60
2045
-4386
-6892
3127
8296
1217
5782
-7832
-1285
999
3656
3373
9988
1463
-3815
4
-2452
51
-6631
-6191
-5328
-4899
-25
-6443
3887
-3477
5314
-7862
-6411
2747
8766
4392
-8705
5006
-4413
-235
-8673
-5992
-1154
3075
2752
4312
8500
-638
9863
-7472
-3954
-1753
3357
4289
-8904
5743
9011
-3200
9432
7662
4705
-560
655
5288
3337
-8307
5806
-9027
6383
5586
6092
-2355
5834
-1499
-3150
9030
-5498
9752
1708
1557
-8113
-2077
1767
7524
-7248
4692
-6069
-4052
-9397
-344
-751
3469
-6402
-2307
3958
7810
-1546
-2416
-5105
4458
-6790
8826
3160
9759
-2164
6278
2890
2965
-3025
9935
-1663
-4573
5310
4008
-7266
512
-8394
-5581
-8269
-5516
3256
5120
-1596
3064
-5313
2135
8951
6635
-3549
6055
-2643
-8292
-9840
-1650
-5193
-6086
-1116
-6022
-6764
8401
-3573
-5087
9613
-9702
-764
-2534
2355
-9986
9556
1374
4739
3856
-9666
2283
-9819
-5055
-8803
5577
-4224
-314
2421
6266
-4524
-5318
3635
-2283
1391
1914
5059
-7633
8280
1223
3065
-5907
-1406
-1887
-8218
-9527
8760
-510
2527
8627
498
-6309
-4071
-5323
-3750
8719
4905
4179
8301
6996
8518
1068
-4982
1566
2992
2997
8188
5482
-7965
-8458
-457
-9657
-1839
6975
-5951
-1313
-9116
9446
6890
1362
2075
6599
-7735
1496
-3989
-7480
-822
-5536
-4359
-1804
7211
-8823
-5915
7992
4230
1886
6446
-7943
-4910
6238
2969
-7889
-1052
-1561
5914
6185
-3056
9561
-4444
-7190
-9572
7636
2613
6075
8193
614
1282
8315
-5354
-1634
-8311
4365
-6840
6157
-9136
-2674
-2363
2773
-609
6730
8241
3752
4772
-2589
-2405
-173
-4250
-5856
2398
-2455
4827
-5399
7047
-6126
7511
407
-9663
182
-4576
807
9410
-8114
8050
-8208
7981
1096
4018
1525
6159
-2272
6689
1179
3007
-5903
-3401
9384
-5220
2612
1088
8604
4101
-8721
6976
9789
-9803
-1066
-4586
-9356
9857
576
171
8437
3165
3574
-373
-3337
-7691
3513
808
-792
2315
-6229
-8562
-1194
9834
966
-5638
-952
1045
633
-4299
6104
-3616
-6429
8544
-7513
-7017
9700
8107
-2344
9678
6337
-1833
-8192
4622
7368
-2558
-1659
1113
219
-1812
2074
-1123
5926
-7739
-2552
-1270
-2819
2345
6971
3062
5973
8908
7615
4811
8878
-2265
419
2719
7532
-5346
4576
-633
-4328
7672
3619
901
8828
8494
-6756
8716
4642
-6797
-7041
-6572
-4492
-8962
141
-2987
-5143
3112
2549
-6382
-7762
7829
-8682
-3714
4167
8895
9251
7819
9643
-4575
-6007
-3403
-3862
366
-5376
-1130
-9631
5043
-2986
8248
-685
667
-9454
-2065
3203
6112
-6788
9837
-6831
-8055
2073
-6195
-7776
812
372
2880
3668
-407
5912
9521
9326
6272
-1225
-2157
3171
-4765
-2304
3297
-9781
9406
-2502
-1126
6818
-7961
3342
8940
7959
7982
-1953
4235
7105
6616
-4846
-6952
7484
-3934
5857
3081
-635
-3970
-8824
-783
-8563
5538
-8479
-8894
-2748
-1722
-9174
-409
3983
-1949
-9124
5126
1199
6495
231
6015
-1919
6584
-3732
7444
3273
-500
8148
-3676
681
7931
969
-2915
8666
-6167
6216
-7396
4245
7314
6649
1796
8572
3614
-9805
-9364
-8502
-8116
-625
-6226
-6059
299
5501
-3864
-6467
262
4175
-6673
3641
2093
7299
6363
-9426
3178
2361
-8070
3001
-7656
7664
-1615
9378
525
-9253
-2027
8185
2745
1365
1546
-1925
2533
-940
945
-9035
-1023
-37
198
-8287
-3197
7323
-1112
6078
3222
-5755
-3460
4000
5289
6926
-8865
-4277
5709
-7964
3946
358
953
-690
-5353
-9899
-2013
-1516
-4498
-8758
1219
3957
9461
2044
-2320
-3308
-9565
-9762
-6533
9922
-5989
6769
4861
7882
-6062
8619
7147
5509
9500
3995
-1091
3527
-1514
4394
7965
986
2618
-7652
6423
4107
5433
-2855
2666
2287
-9414
3773
-834
4872
-9673
-4020
723
-8561
-3456
-7152
-6095
-6576
-6517
6077
-5900
-7078
-9954
5071
8848
9434
5930
4090
-2545
-4203
-720
-2883
-2067
3280
2779
-8595
-6049
-4171
-1293
3680
3305
204
9242
6670
9225
-159
-3988
-583
8017
-7669
1529
-8106
7926
-5925
1274
1033
9460
7613
-8058
-5490
-6692
9869
-6689
8451
-8834
8030
-9524
-5107
5579
3482
-4132
8136
-9671
-6225
-4507
-7980
-1733
342
-7267
-4355
-6316
5067
4844
-6796
8250
4047
-5656
9945
9960
7023
8513
-6245
-9889
464
87
-5122
7928
-8124
-4038
-2496
-156
7307
-4259
-300
9017
-994
-5678
433
703
-5260
-9075
-2432
-4966
-4223
9258
-2094
-6889
-5831
-9221
-9591
-5475
-9860
2350
-9541
-8922
4015
1381
8846
-8103
2281
-6029
-7533
-68
-9834
-8686
2438
-9298
-1386
3035
-1000
-9767
5925
9068
6756
-575
9109
5354
-1999
-7855
3051
-3064
-3891
-122
-7182
8672
4185
-2712
-9093
1684
-2636
-1363
9250
-7227
-8837
2815
8359
3659
3565
-2468
7440
443
7151
-4315
-9795
3861
-6985
-6098
-120
1180
-1086
-6639
-5187
-3432
-2774
-4015
2751
-4308
3329
8428
-2175
7493
-8094
6290
-4228
7997
7261
-9753
2042
-4344
3076
-9331
-3285
2196
5774
-2848
6149
-3344
7427
-7442
-7024
1603
8356
-7076
3730
-3495
-7502
1324
-2663
3805
8824
8792
7549
-8136
9203
-4875
-9172
-4219
5949
9998
-1483
-586
-8123
1840
-2006
3087
1742
7969
-9228
4993
7007
-5050
3863
-5385
-1860
-6977
1393
8869
3909
-3185
7280
4635
4361
6753
4765
8967
-8986
529
4238
7975
7722
1240
8881
2233
8567
-2054
5327
3844
-2931
6515
-5079
4696
2262
-2786
-8500
7288
-8755
5978
-1247
6743
-7521
263
6762
-7322
-3546
-8897
268
-5010
-1813
2471
