500
99
-151
367
487
-116
199
-279
-47
96
26
-395
106
426
-414
-238
-80
53
-44
-356
-273
-392
-212
415
24
-438
-329
-307
243
-494
-145
-387
403
-379
112
-102
-43
-472
-497
483
10
239
107
-109
195
238
216
360
-493
76
-430
-82
-280
-315
342
459
-65
3
1
64
495
-266
182
-186
-21
-131
333
443
230
-96
320
-427
-314
431
291
456
-476
491
153
-195
5
-404
77
-301
-45
-204
261
13
244
486
428
156
72
297
-319
328
381
-198
-219
129
-19
-231
429
-4
-230
198
-435
110
-153
-123
-18
414
-324
-342
-192
-340
97
-218
-59
321
215
373
453
85
148
-495
499
175
-457
-191
-367
-180
62
168
-348
-300
-424
-487
186
281
-108
-355
-134
323
80
271
-486
-267
-302
-406
-203
-374
-167
29
-418
-468
404
-141
262
124
327
78
-473
135
-187
-454
209
179
359
409
69
471
-304
41
-118
288
467
92
128
437
70
240
325
438
220
-100
200
222
-51
266
-287
-450
439
256
-270
-399
-173
-330
293
-278
354
-382
-411
117
-327
83
-83
-20
253
346
-166
-295
-481
-371
434
-337
-400
-79
326
-133
2
71
-8
-344
48
466
478
318
-490
-89
-93
-91
44
50
33
-463
355
340
-144
393
-378
34
312
-258
251
-176
90
147
144
211
457
79
449
-224
376
338
-113
-196
-87
87
203
-194
274
276
472
-122
-34
113
-31
-443
139
137
-432
339
-470
103
-233
-10
-84
162
93
-318
315
-240
-214
341
-244
-285
-81
-223
-150
-172
-135
308
-68
126
-282
402
248
233
-343
269
405
228
353
-429
307
-264
-263
132
181
47
418
-419
254
492
123
130
-184
410
-271
378
349
447
468
-55
-253
-299
-358
-90
-467
-37
-451
-274
-97
-465
272
278
-394
335
273
234
-190
-332
-146
-479
-369
-53
-498
-248
-396
191
173
-268
43
14
-130
170
-425
-117
-409
-360
-185
-469
-101
-235
-163
-461
192
-158
283
-5
-199
-24
384
-106
134
118
-364
23
-250
17
180
319
407
-119
406
470
476
-257
-309
494
277
374
-320
-259
420
-183
75
-445
20
22
189
463
-357
-260
-456
-346
-140
-439
-417
207
67
-328
-170
146
416
-9
227
-381
59
425
-482
-412
100
469
-496
-391
313
39
390
451
-389
267
-225
226
217
140
461
-164
31
264
-351
-325
-398
-73
464
419
-363
-477
-345
-12
498
-62
-208
73
448
290
54
-277
-415
-202
-296
-316
21
-464
-370
-207
-17
-60
-229
-500
-326
-405
441
289
413
-347
210
66
-72
202
366
-33
169
-86
-171
-216
55
236
334
-407
337
58
364
-349
-353
-446
445
454
-188
