1000
-437
656
-824
-977
-744
-242
626
-832
652
-476
-714
555
-751
121
-415
-973
122
233
988
451
765
-575
153
-629
-723
-549
574
-562
-573
749
-599
-917
-185
911
-778
564
901
-422
-53
-442
-782
-435
257
-532
635
249
-957
986
740
-182
604
-241
-791
-943
313
672
-795
108
-789
-577
714
607
415
-926
-197
571
-865
633
-540
53
186
915
-657
526
396
-610
336
268
-580
-998
822
511
-519
-295
-968
790
-773
957
-207
-77
41
5
547
-555
373
859
-561
-584
-881
640
380
-887
-187
985
961
51
133
-906
529
-12
940
-64
-308
141
-912
-541
-807
-391
261
-753
437
505
490
-946
708
329
-361
801
-956
209
284
510
884
903
771
990
-729
467
-509
-712
160
-178
-249
-113
-448
-500
925
-777
322
812
-951
347
773
-766
75
-839
975
-937
87
-598
955
-340
-404
73
580
316
-325
917
-248
899
-189
-289
126
-564
-911
-743
909
885
-606
-776
723
735
-39
-899
-366
-112
537
693
-526
191
412
286
-806
-694
613
682
998
465
-846
-813
-680
83
722
-941
-44
96
127
674
151
-243
-491
695
908
417
-738
-213
351
-527
237
-585
-276
918
-414
216
513
984
427
-28
-768
379
142
60
-886
888
94
-663
780
0
-772
-521
481
123
-253
63
-371
-809
552
691
227
476
630
-335
-618
-67
-844
-770
288
306
436
586
680
-472
566
-350
-99
959
-219
706
-378
-474
418
-569
-327
292
49
-59
686
627
806
-61
-8
-313
598
906
-699
-389
-434
-817
-922
135
619
-469
-550
-665
183
273
389
-153
-671
-666
235
460
-907
457
93
-852
-456
-810
-22
383
-403
110
-802
-168
-551
310
938
-634
-440
-533
377
407
290
819
869
-73
545
-196
158
-731
582
-257
-613
-988
355
470
430
-597
-805
-695
-909
-24
818
493
-91
378
-76
-725
230
452
-624
-620
922
375
-329
567
-205
-441
-19
836
-162
462
-247
588
835
241
677
502
-529
232
747
-344
-321
-762
498
210
64
-948
-845
816
-822
-838
-78
285
-358
-177
697
705
-672
416
-882
762
-426
368
-55
-632
-915
195
10
515
-570
774
317
250
-537
837
-853
-930
-850
-883
-299
85
-258
-516
-571
878
-558
514
744
-767
-83
483
405
-520
-755
156
-593
746
807
224
-600
240
-513
-176
-879
615
-547
3
-646
-32
-804
-525
-489
861
-229
840
487
-359
287
71
-475
180
190
-837
147
-26
-685
576
342
-86
480
-374
105
846
-1000
864
419
-273
829
-16
-739
459
-66
139
738
382
583
877
-863
-636
-927
-962
982
-506
-381
-49
565
799
456
169
358
353
814
684
543
-748
-159
983
-383
-48
624
-296
410
668
779
603
426
-234
320
15
570
450
-239
641
-379
-554
508
751
-591
767
589
679
198
-872
734
-581
942
-419
111
361
-654
275
-451
-908
-855
769
941
477
-818
-945
692
-88
-668
-315
67
796
517
-643
300
-259
-523
145
-179
364
-935
-604
-938
-21
-401
-377
832
206
-87
852
309
549
-861
-825
-436
48
-304
-903
-840
715
-75
-286
-274
-548
-51
179
-339
-816
-648
860
464
-429
956
499
-673
231
898
785
553
-876
795
-345
-272
-6
739
857
-496
-873
-589
403
432
-916
-894
-30
979
776
-147
-579
146
932
246
34
830
328
-642
202
119
-993
-79
-862
-122
12
-622
653
-250
360
454
-132
-450
252
-683
805
-895
-62
321
-518
-856
591
478
-204
-719
936
-780
811
-455
-880
893
-206
-288
-764
-40
-578
996
391
-794
-305
-517
518
-430
821
-421
-287
154
820
-392
223
649
-275
-595
970
-417
-427
-722
24
964
-42
174
521
548
25
149
387
-104
-933
-63
-347
-188
707
699
-799
559
594
-192
-195
-662
-975
-803
-152
-13
810
344
100
872
931
-142
763
-82
-106
-235
-410
-950
897
171
349
173
935
-626
47
952
920
45
-684
473
404
-164
-831
993
527
947
-594
720
666
-991
346
516
-351
-225
35
631
-842
606
-128
660
-674
256
289
79
-228
-165
-716
155
335
793
-101
199
-20
721
-713
-172
486
-282
620
46
442
390
934
-658
507
-940
803
605
-628
700
853
-726
-504
239
-637
185
-821
-69
845
166
-901
-365
89
655
282
-138
-181
159
-499
973
81
678
-280
989
874
560
-135
393
-961
623
449
-376
-633
352
-269
-592
491
648
500
-300
732
-765
341
-244
-987
639
-380
468
831
616
-590
-944
326
-745
-483
969
698
-705
59
395
756
-175
-202
-303
463
61
-583
-535
455
-463
315
-920
-145
-373
995
766
144
376
-849
-155
-74
43
-700
52
-217
-498
-698
-891
-884
910
-462
-707
651
-960
-278
33
-534
-318
690
-264
238
6
-326
258
196
489
-268
-757
31
-310
-5
645
-393
-201
-656
929
264
485
736
-89
784
-116
-623
162
913
716
717
337
-317
949
-727
-283
-199
875
69
244
152
-974
-348
213
907
-836
-129
638
-460
140
88
-461
-827
-447
-603
-254
694
-183
164
-635
743
-161
610
222
824
-958
453
953
849
-556
608
333
-306
-947
568
892
197
817
19
-742
-847
-834
-616
-156
681
-324
494
-301
-265
26
-557
374
-711
-388
703
644
685
386
-174
865
-986
725
879
177
939
981
-52
-118
-851
687
886
-524
-545
876
-898
-126
2
-640
534
184
-830
-119
354
670
-337
676
753
