5000
4156
4250
-3832
-3618
-1495
-1722
32
805
-1518
1895
3544
3338
-3564
4317
2321
-3891
755
-1444
4454
-1683
-2277
2744
-2950
1142
2941
-4578
80
1246
-4419
228
-1025
-1662
3003
-1146
395
2002
-3513
-209
-270
2600
2012
971
2947
4912
115
988
283
-2464
-417
-2302
-3706
3982
-2114
1973
-4286
2433
629
770
-3953
-4583
3927
4848
-2929
505
-797
-3332
-591
2818
-4734
3665
-4971
-1314
3977
-409
-2703
1799
-1114
-2535
1694
-429
-3018
-3511
1778
-1041
3057
979
4706
-4474
437
336
4115
4106
-1838
-4471
-4290
-1819
1449
-4607
-2010
590
-2060
-3514
-2898
777
-867
-3967
-4052
1282
-3372
4064
1696
273
3006
744
-3162
-2588
3955
2023
-3288
-592
-4693
-3637
-1680
-2813
3554
3693
-1436
-3240
-3274
2272
-4078
2540
3321
-3470
1083
-4131
2773
-4695
-2145
-1555
-4054
-2641
358
-4747
3587
-2195
4689
457
1384
-4475
-3204
1643
-1475
474
-1582
-3842
-1399
-2344
-1826
-1614
1752
-1551
2141
4548
1149
-4994
2735
-920
2285
-214
4075
-1593
-2141
-4314
-2866
-4563
1397
2621
-4643
-2316
952
631
3209
3421
-3435
-1664
-4982
1007
-648
-1175
4493
-247
-2017
2991
-2741
2207
887
1960
-3770
-3055
-970
-205
2391
-1580
1040
-3249
3169
367
674
-2901
3281
2829
2758
-1610
-1207
4465
4230
1379
-2790
1850
1333
4712
-2559
3814
-678
-936
-660
1904
-1372
-619
-4013
2853
-3998
3704
1727
4779
-2699
-419
1671
-4933
-2174
4490
-923
-3478
4224
-4617
163
-1548
1398
-1261
3394
2516
-3357
-1092
3171
-612
1292
910
-4381
4950
-3890
-3157
-549
-4790
-1805
-4692
732
-1237
-3084
3467
821
-490
626
2997
819
-1067
-3687
2420
-4875
-4835
4930
3486
-2863
-4443
1831
-281
-806
-3346
-2137
-4447
-2758
-1066
-179
-42
1200
-2942
656
-743
2796
-4573
-1029
-776
-3421
1622
-3980
-1486
-3503
-3822
-3170
-3161
3580
589
1174
-4741
820
-4214
-3468
3572
-2587
1511
1883
-2701
-400
2915
572
-3691
4417
2827
-2711
-2426
-4440
-421
1683
164
4990
-1687
-3212
-443
-964
4070
-4221
-3805
854
413
4483
-527
3283
634
-3570
3026
4559
-1003
-3739
2029
-4347
4480
3895
2219
-275
-946
-1346
-1364
-3751
2069
4574
841
1526
-4179
2725
1618
248
1018
1717
-2573
-2335
1636
-1732
-3391
-3192
-1867
-877
-1669
-3799
3471
-687
1455
-3670
619
-34
-1642
1790
1362
440
-4768
-1631
-1
-2401
-58
-2024
-4202
2779
4651
-1812
469
-2252
-1986
-2949
686
-1866
3912
3515
4572
-2330
4244
-1228
1522
-1652
-4704
-2659
4558
2457
4437
-1106
144
-2038
4580
-4831
4750
-3580
2676
-571
291
3978
4424
-235
1450
2356
-3072
-3318
3887
-322
-3756
-33
857
-4678
4154
4959
1791
-4100
636
-550
1171
2374
2313
-2471
4001
-4793
1335
-2934
-3885
662
4410
-4944
1828
3397
2591
4949
-4064
3188
-91
1487
1236
4944
1050
-2519
-3750
4757
4033
-1984
-3991
-2095
-4435
-4418
530
-3107
779
3002
-77
-3115
-4899
-4722
4682
901
3525
4432
729
-4662
-1985
-1094
2996
1521
1207
-3586
-599
1734
4992
-4838
3048
4285
2864
-3916
-4270
-4863
4905
-4144
-2083
-4665
4700
-3235
3796
3235
-2658
-4794
-2239
3600
4261
-3634
-2310
2937
-914
236
2814
950
-841
2964
991
-2481
-4826
2564
-1459
-4420
603
-2021
1649
3266
-4030
-3039
-3696
-3181
642
1483
2412
-1102
-3648
2738
2749
-4190
2363
2151
-1462
142
-4278
-3693
-1194
2754
4821
2452
-4642
-4784
482
1733
1695
-1739
3786
1501
1266
4590
3677
-1254
4242
-67
-1875
-4084
4902
-101
4197
-292
-310
4192
3629
525
2889
-2764
23
2306
-3485
2528
-4411
3506
331
2160
-2943
-1859
-2565
-4337
3937
1232
3477
-3862
526
257
4551
657
2431
-3959
3671
2297
4401
-2382
-2487
4255
4988
-4548
1874
602
66
-3550
-3591
-2228
2190
1583
-2631
266
-1854
2481
-2122
2372
-3903
-4550
-4594
-4183
-1085
368
-4622
-3330
-1179
-3628
-2074
4412
-1578
3019
-3638
4219
1652
3179
260
4435
1228
-569
3602
-1280
2077
-93
-3718
-536
-2224
1361
-4493
448
-1454
4037
-4341
3063
3787
2869
-1338
2720
-4740
-2634
-1643
-2552
3569
2832
-1496
-104
-1820
-359
120
3951
3672
4864
3789
-1487
593
-950
-998
3381
-1992
4283
-4627
-3363
4477
-2879
2358
2981
1381
3680
1424
-633
4856
2011
-2355
-3594
-4275
-4800
-793
-3257
-1058
1573
1809
-1391
-3874
-3046
3440
1255
-2742
-131
4273
-2066
654
-2337
834
-3499
3545
-603
-2183
4703
-4999
2084
-4218
-1105
-804
-2510
-1243
3596
-831
52
-2880
4626
-1935
4055
492
757
206
3404
-1980
1014
3186
4777
1829
4947
-4261
-2842
1645
4636
4646
4042
3296
1502
3402
-4267
2634
-1770
3514
1019
3818
-721
-1181
-1183
2751
-3685
3
1225
-530
3516
4204
1714
3342
2645
3548
-237
-555
3182
3157
1750
-333
3010
2475
-2421
912
-1996
2039
4758
567
2663
1827
4299
3688
-356
-4830
4929
694
3751
-2585
4202
-4248
-4992
3805
-2927
4630
-2939
-83
4085
3189
-2313
1277
-1281
3821
1345
741
1097
-4739
-4490
-1007
114
4733
4215
3949
2849
-27
292
3097
4806
-2468
825
1036
-2690
2934
-4760
-424
4267
-201
540
-3698
2872
4322
-897
-1161
1096
104
802
-3284
-2933
2816
-80
4166
-208
-3420
-340
2304
-3907
-3523
672
3187
930
-610
-2913
-1843
1964
1658
-2085
4486
1420
4208
-1898
-4091
2255
2867
2624
-3774
-3872
-2734
-1081
1937
-3743
4104
-4185
1553
4607
-1740
-4113
2559
3791
-2938
387
4381
-982
4519
-3708
3998
1359
-2161
-386
-2250
4278
-3244
2250
3407
309
-1168
-3006
-3293
1793
-1749
-2061
-3738
-4698
-1136
-4965
3752
2700
-1689
784
-2453
72
2437
-2390
-4571
1016
2628
2102
1261
-344
1316
4458
4989
-194
4039
2535
-4749
-172
-3064
-406
-1276
-4686
4228
-198
-2888
2120
4851
3892
1180
-3941
-2286
50
4393
3950
-1263
4139
3759
743
1506
1442
2910
3557
-3815
3040
3675
1168
-1219
-2294
-2167
-4328
1448
-2867
-185
4006
3389
-2774
-3424
1432
3230
-3131
-1541
26
-1242
-2149
3673
-938
-1327
43
-3000
-1431
-1519
-4098
2488
-4562
46
-4367
1334
86
2768
-880
1022
-2908
3971
-3836
3503
-3975
-4072
-2415
4747
-4288
-3812
3355
-2102
-73
-1601
-2806
-379
2144
-1869
-3711
4487
407
987
3848
-535
4403
2404
2608
1513
-1775
-3152
-882
1797
-2662
-4657
-4759
-4181
-4027
-1627
2965
-3220
-1464
915
3925
-963
-4243
-2667
-3986
1975
-2126
-1527
-1997
-2164
3656
499
-4289
4168
-2675
-713
-2099
803
4727
-1779
-2377
-4867
1108
3310
-1001
-4551
1024
-3569
2662
-3251
-3589
-4912
2518
-2838
-614
3817
-3440
-3515
-2414
-1044
-1562
874
-741
141
3595
4564
-960
-1800
-2103
-4796
3493
1722
1068
1943
-588
-651
2670
2538
4140
-3189
-1477
-4651
1559
3268
-1271
-4415
-1505
3996
3687
-4780
3286
1092
3472
-3674
4786
245
489
3320
2582
-3054
-1401
-1162
4002
-3058
3512
1496
-2430
4193
-1249
-3144
63
-893
-2347
-3005
3061
4067
4595
-4257
-824
-4983
1963
-4845
2643
4680
-1073
2161
4456
-816
1157
-1426
1158
-4428
-4383
3813
-4871
-3303
4102
4704
-36
-1697
2575
-3086
3148
-4730
-64
1996
1051
4581
-3626
1422
-3010
-4515
-3600
-454
1085
321
4359
2225
4632
1008
3484
-367
-1425
238
2501
-1751
2998
-4319
2244
-4941
3749
-2078
4426
-4019
239
2173
-4390
-2068
254
-4606
2020
-1550
-4334
4901
2585
4108
1380
460
-631
74
-615
-4663
-3785
-25
-4810
-2182
-2109
12
136
2240
-4744
-1257
835
186
2365
-1825
4269
3674
-3932
2193
753
-444
2129
-1447
4302
-4044
2463
2010
-3252
-717
-296
4138
1348
-510
-1721
1906
1066
-4344
3639
4812
2613
-2247
-559
3690
1494
4972
2226
-1151
-4231
4771
1489
-2419
2016
-4957
-4244
-2055
3592
1620
-2280
-2447
-997
1086
2874
-2610
-343
-3703
1202
-2054
-4714
-4930
-2575
-854
780
-4197
4893
4578
-2501
2995
1978
-1711
-2810
3930
-3488
1287
-3925
25
2764
2415
2468
3989
3993
1452
1184
472
-3538
-910
1685
-3070
-1235
1227
-4108
-4209
-1599
2644
-3599
-4656
-2941
-1884
404
-1446
-2593
-3173
-1718
4567
-2733
3419
3374
4831
4388
-690
1418
2808
3469
-2601
-2506
378
1144
39
3834
-3328
2300
1344
1819
-772
-552
3274
4398
2931
-1039
-1394
-4021
4644
1586
-3587
2487
1428
4560
-175
-2268
-1905
-1911
928
-3451
1923
1099
4444
-1589
-1417
-1907
-3283
-2470
2707
-3469
570
3487
724
2896
740
-2542
862
2623
-1192
-3163
3372
758
-4718
1182
2349
-251
-4150
3116
-4866
2954
3942
-2507
394
-2016
1567
4655
-4512
812
-4298
-1503
-3290
-4519
645
-1502
133
-3724
625
3349
4355
-3678
3558
4543
4764
-4968
-3416
3434
-1655
3214
-4902
-3895
940
973
-112
-2640
2355
2220
-4785
-1362
-3741
-4087
466
709
4552
-2062
-4467
1886
3460
3582
2309
-50
256
-1390
-1071
-1978
-3886
-4168
1395
4175
4677
-1777
1889
2097
1219
2091
778
-2437
1997
1698
4775
-811
2543
-3062
2579
-4432
519
-566
1589
2075
-2265
-792
4008
1732
-3531
646
2855
1159
1462
-4405
-3351
-4160
-4343
-517
-3759
-4365
359
810
4240
2525
493
-3078
1624
3177
2966
4011
-3119
4293
2228
-763
1121
3127
-1333
-4333
4034
-1050
1150
-3370
-4040
-4256
-1924
-3656
-3199
-1157
4268
2167
4334
-3094
1193
-1517
-2682
918
-2628
89
-2668
-3985
-4582
-2586
-2818
-2778
-1206
-4574
2614
1470
962
3369
-4163
2403
-1785
-3757
-122
-4496
746
-800
4331
3379
-4097
2375
1566
414
200
4625
4007
823
4307
-397
-682
-3253
4748
-1797
1188
4313
-532
-4327
-411
-3120
2893
3841
-2893
4186
2774
-54
2467
4375
2222
2519
-3859
-3658
1297
-658
24
-1538
3135
3520
2070
-3383
2344
-1035
-4659
110
2962
-1145
-2002
-3429
838
3915
3645
-655
2164
-95
-2151
-4038
-4224
595
982
-3733
2169
3780
-4357
2095
3498
-4444
4976
3648
303
-2616
-45
4112
4475
-3289
3758
-1434
4808
4212
4362
-4884
3684
4845
-3519
135
3110
1932
105
-523
4195
2483
-2073
-3031
535
-481
946
-2607
3380
713
2390
681
-916
3852
2884
-930
2254
3431
446
1119
122
680
4678
-4705
-4417
-2200
-4898
3300
1199
-1858
3043
3202
2649
1245
-4593
-3517
1493
385
1815
4018
543
1191
-4806
170
4938
-3200
-2827
3598
3227
4296
3068
2283
-346
-2493
3161
-3198
-1792
94
-2395
-3263
2974
-4073
-3834
-1701
4803
-3969
-2088
-3443
-1404
-3076
-626
-4631
2299
997
159
-109
-2674
-1712
1704
468
-2311
-1095
3021
-2750
3627
-3486
204
936
2170
-1347
-2624
-565
-1952
3559
2547
2137
-3403
3869
-1674
-2041
766
-3338
3185
3000
2107
2578
1907
1349
4535
-2914
-3789
509
4514
4569
1441
-1172
-199
914
-3910
-339
-3261
-1808
4352
-1062
2264
84
917
-4132
2636
-2015
-4445
-2358
4977
4526
-634
-3624
542
708
2185
-3729
-3606
-3193
-2756
4380
4005
-86
3107
-1296
1632
-3881
4696
-1767
853
-1793
-1613
3527
-2306
-645
4402
-216
-44
2572
1844
-1008
-1677
-1567
-2843
-3592
191
73
-1294
3256
-2968
3985
3640
-48
2440
1173
-4903
-4765
2208
207
-4220
3700
1237
-1914
-3901
1648
-838
-1648
673
-1197
-3964
-3904
-4638
3862
4113
2187
196
59
-3270
3635
175
1476
4137
3178
-3667
-3737
4126
-1897
253
-2275
2840
2866
-501
-4274
3339
203
2292
3907
1070
1735
-2014
-1526
3384
-1264
57
-4196
-1229
140
2653
-4118
-2925
3147
-2718
363
-2394
-3721
353
-4630
4383
4922
3293
1858
147
-1728
-2220
-4225
4190
-2080
4587
3966
4443
1443
2561
-2638
1365
-3148
4141
1737
-3524
4258
-1250
2775
2669
890
-3689
490
622
-1470
-3740
-445
-2257
-1467
-3871
-1743
689
-632
-206
-4465
-1893
4111
-4394
-4295
2318
-3629
3939
4384
4256
1250
4399
-2976
2859
-3494
-3048
3423
-1034
711
-1217
-3568
-4671
3324
1286
-3826
-3160
2982
-2264
4463
2133
-3116
-812
-267
3012
51
71
2677
4084
-3455
1495
-4752
-2549
614
-4757
-1998
-4162
750
664
-666
-4280
1756
1552
265
1312
-676
3085
-4342
-2720
921
1505
594
-2861
-1309
-4762
3115
-2185
-20
-4861
-1420
-3250
1940
2710
-4509
-1522
-1832
1486
3769
-1256
-287
4612
-1994
-878
-688
4720
2146
4335
-759
1525
2748
1582
-325
-4199
-2589
2791
-2219
1141
-3764
761
3773
-1539
-1881
-1005
-4520
1073
-2931
-2823
2897
3809
-4799
4826
-4940
4153
4325
-4567
-1226
3538
2128
3052
3009
-2104
177
2641
1256
1853
-420
-2047
-328
-3015
-3027
1039
-1753
-63
-977
2425
4923
4098
1304
-2321
-701
3409
4640
4010
4344
2382
-1675
3712
-515
4418
1321
-4888
-585
-2598
-4750
3263
-4647
-3174
1162
-2536
2421
2627
1
1426
-3179
564
-1656
-984
0
-1368
4790
-3450
3730
-3888
3192
972
-3779
2124
-4782
-4320
4618
3337
548
2402
1740
4870
-2915
-4628
2319
-385
-2381
2369
-1850
1667
-210
3142
2477
-2617
2610
-3566
994
-2648
2513
-957
-4962
2064
-3264
3297
-3125
-4637
-639
-2425
234
2073
2482
2246
3824
3044
1688
-4855
-1308
748
4312
3890
2484
-3114
2759
1712
4749
3646
-2785
-947
-14
-2115
2690
3904
-859
4194
-2833
-1806
-4786
-4409
-71
4661
1301
-2225
4136
2323
1497
1781
-1814
-1098
-2050
-4456
92
959
-3100
4631
4076
1594
-2946
4078
1106
1702
3180
3679
-3786
-675
-3334
1212
-988
-2187
1935
1947
3701
-1348
-3016
4097
-758
4866
-1079
-2110
30
-4402
-437
2368
1427
-4938
-1060
839
2566
-2144
1252
1129
2036
-3158
1563
-2037
2695
4087
682
-434
-2057
-4595
-4228
-2839
-3715
-2625
-3960
-2622
275
702
-291
747
1324
2275
3133
1139
3783
3466
4549
-1055
-3034
328
4785
-4666
2605
1235
-1125
2780
859
749
-2781
1009
-3664
-2407
-3547
-2460
-1054
-2434
-3987
1847
-3069
3621
285
-4137
2616
1231
4421
675
4333
2697
-714
3166
2055
3395
-4694
1821
1006
2080
-430
4129
-3377
1330
-413
-3984
-1131
-4584
4040
-4039
-2812
-952
2444
-2210
3976
-1036
4376
-2789
-4547
2290
3707
807
3017
2948
-2693
-4951
1728
426
-4194
2960
2083
-307
-442
2357
-4268
2836
-2271
-4330
3378
-4561
-4778
-4401
-174
-278
3204
3294
3031
-2496
-2092
4556
3723
-1429
317
311
-4500
2961
-4324
2388
756
-2229
-1851
341
774
2584
-3434
4336
2387
-4513
-2985
3636
-2305
-3772
-582
-1090
980
1326
-899
-4254
4131
2609
-2963
-88
-4976
-3699
1763
4030
4791
2168
-4388
-3645
-1964
2734
-274
1249
1192
2542
-992
-1561
-4885
-2319
-4725
1569
3039
1703
-4397
2879
4057
-334
-594
-446
1433
4778
1966
-1929
-497
-3409
-1416
-3325
1464
-1027
3997
-1507
4363
1832
-4817
3163
-2368
-1547
2057
-204
954
-1861
2274
-177
-724
324
-1449
4149
-4881
-900
-1177
-3166
-1668
4707
343
3459
-3397
-3746
-3602
-3315
1924
2165
-2526
-607
-4726
1892
-19
-2666
-2967
1795
244
-904
3105
1989
583
3947
-4094
-4564
1731
2092
658
-1319
-1576
183
296
2685
-3438
1862
2881
68
-3335
1338
-4586
2930
1403
-2713
-2513
-1835
3761
-4720
-1657
1153
3082
4020
-2160
1077
836
-2222
4000
-2063
-918
2126
-78
-3883
-4842
1216
4801
-3208
2273
-1791
-3543
1967
-4700
-230
-3997
4928
-2338
1482
-3467
-190
517
2362
-851
-327
3114
-4716
3865
-2906
-3465
-4766
2822
3590
559
4852
1679
-3604
3078
-493
-2900
523
-4296
-1139
479
-2326
4061
-3501
-1321
3457
-2245
-1468
-335
-3176
1013
-3154
1863
4124
-3633
90
-2444
3335
-1679
-3807
1000
-3532
-4469
-3008
-1611
2251
4065
-1051
4411
716
476
-3827
3109
-4769
3301
1064
3453
-587
-3763
3173
-3439
1824
-2930
1308
3430
3549
2611
-1764
-2591
-915
-4488
3065
2683
-1965
269
70
2507
1430
-2455
3502
3233
3539
-1176
-3623
-1516
842
539
4473
2807
-1017
635
-4364
-2850
1272
847
-1886
-4141
4225
4753
534
-2783
-4022
-1966
-4791
4310
-1622
608
-1755
371
281
-2712
-4460
318
-754
3555
4518
212
-2450
1044
-4292
722
3663
85
3810
-4361
-1363
1290
1320
2480
-3460
3257
-1592
1637
3505
556
-3430
-1186
-2071
-3561
4488
4163
1481
-2801
-1950
-2910
-99
3121
2235
-1156
1711
2082
-4862
-3957
-3639
-4340
3530
3245
360
-2704
2970
3754
3287
4515
4824
3509
4780
544
-324
-2111
-4015
-258
-1752
-181
4196
-3184
-3056
-2300
2446
1635
-4208
-3472
-4277
2439
-3955
2248
-151
786
-3753
-4046
62
-2492
2777
4844
-3081
-4000
4832
1407
4516
-3333
-69
4436
3441
1280
-3548
4199
511
4837
418
3241
1674
1998
4796
1034
-1993
-4092
4857
-1135
-245
-1223
2718
-2334
-1864
-3013
-1891
2631
2067
4910
4530
-4969
1386
4178
704
250
-2846
2293
-4069
2712
1532
4079
2563
-2348
1230
1198
-3295
1170
-3302
1548
2145
4292
2277
2763
-1453
1310
-4801
-2025
4053
-4370
1686
-1844
3359
3521
3770
-4980
4026
3962
-4265
1288
-1038
-4250
-3456
-3206
-2821
-1188
-1508
2500
2497
2392
3779
-3195
-1831
-2746
-2890
-1782
1804
-3752
-1953
3719
-710
4105
-4592
-2520
-3852
-1103
4936
3968
3439
-3276
3589
3260
4130
4343
2977
2088
-2279
-1781
2637
647
-2159
-4949
500
-217
2599
-1624
4125
4157
4679
3888
-3576
1485
2119
-4927
4505
-4882
3291
-2999
1165
4805
4521
-157
-508
-2376
143
-712
-1536
4942
3652
1043
-3684
-3603
3784
-1202
4390
2646
4694
4314
3740
-4620
531
-3275
782
-845
-2533
3844
-1244
-2192
79
4176
-4410
-2800
-371
-1671
3919
-4655
2213
3217
-2546
4540
-3821
-244
483
-3051
-720
1458
-4332
-1343
-643
-3124
-4167
-4439
1830
-2077
3418
-3413
-3896
-4979
-4914
1151
1961
-4264
3330
-391
2282
-1047
4364
-1076
310
216
-2413
1319
2442
824
-2874
4060
1531
-4217
1561
-3610
-1016
-1660
3307
350
-3171
8
369
-4121
295
-116
1672
-4238
-3676
-3080
-2706
2747
-4610
2499
-165
-638
-3068
-2448
-4470
-4266
-4978
-3369
3429
-3578
3961
-3989
-618
4502
968
4968
-2836
-2285
-3028
-358
-4216
1591
-2921
-352
4158
3884
-2156
4827
-2618
-4200
1156
-865
536
-4424
-3110
4672
-1110
-3905
1769
1169
-4386
-4959
-3867
1373
-3361
1880
-4540
-3021
-2816
4620
3124
-2157
-272
683
1873
3433
-3914
3368
-312
1913
-2629
-1378
-374
-4873
-4597
501
-4648
-3537
-4773
4728
-4148
284
-3142
-2452
-425
-4774
846
-1641
169
4184
592
-2918
-2944
-3292
4395
-2217
899
3568
-231
38
948
-4557
4656
-4834
1103
-4850
1741
4016
-1708
-4504
-336
3914
-2288
435
-2719
21
-337
4822
-892
4658
-1324
-2965
-2819
2560
1745
-62
-2218
1951
4117
4592
-2886
-3803
308
3408
1445
-562
-738
-3057
1435
3819
-3563
2271
1952
1346
3276
-2528
-2899
3965
4491
4289
-821
1434
-1405
1834
1275
-102
1257
-4781
1564
4925
1955
-1253
3468
-4406
-577
3093
4940
-2343
-3534
-4689
-303
-3922
1693
-4487
-2695
3140
-1315
-1198
2772
1840
705
-652
4222
725
-4241
575
2668
871
1488
-768
-3607
-4681
3104
280
4908
-4371
-4059
-1068
-2154
-1773
3969
4074
2672
-4576
441
4854
1839
1416
601
-3385
2326
4673
4050
-2479
-3329
-2184
1823
-1201
2115
-3994
3037
-1715
-4325
-1279
-3214
-2191
2352
388
-708
-519
-3968
4563
-153
2186
-1310
233
-1484
3270
-130
-484
1260
-4542
-4925
3376
-2199
3579
-2273
3811
-2005
-4088
3804
-3700
2809
-4077
-951
-3106
-4919
-4869
-1474
4525
1981
-4580
513
3317
3967
4544
2406
-1730
3309
-1736
3785
-1557
1451
3528
3362
-1224
-2534
-1511
742
-1355
-1691
3055
3519
-3879
-4664
3278
-189
2243
-829
-4763
-3762
4445
4663
4577
1061
-392
2215
1660
-212
4604
554
3416
4863
-2904
4501
-3277
-1259
1394
-3143
2722
3145
-3236
-1451
-1365
2396
1400
-222
4170
-402
4482
1890
-919
-4891
-357
-1061
3669
612
1388
-3136
-1403
-1710
-149
4234
822
2339
4818
-1080
69
-1529
58
2386
1226
-3613
251
2189
-3014
-1906
4382
4438
-1269
1773
1102
3898
-2745
-1267
730
-1104
386
1396
1369
-1702
1283
2678
-4601
-2129
-219
-1544
2755
4880
2799
-4124
1843
-1491
-1433
-1439
-89
-3448
581
2988
558
-1341
4378
-2832
3577
4346
-2731
4529
-1786
-2820
181
-534
4726
4265
3623
156
-155
-1074
-1100
4036
3282
-2211
-2171
-3864
-1713
1003
4408
190
3412
4476
28
-1130
-584
-3376
1203
-15
-2865
-598
1665
-2125
-3723
2659
-3993
4536
47
-4106
1761
3847
-2505
1367
-718
-1865
-3241
4415
-74
1726
-4702
-3437
-4870
-747
3018
2919
4967
-2045
1300
4909
998
690
-164
-1493
2108
-1837
3062
4089
3886
-4544
2842
-3554
-1571
4063
-782
2028
1291
-3565
-4883
1299
172
-1141
3172
-2494
-798
1848
-876
700
-837
-2042
3050
-309
-927
-1774
-1514
1081
-1091
1105
-4710
-3427
759
999
-1332
-3677
1026
2056
-751
-4008
-2788
4300
1042
-1185
1239
-3870
1217
4031
-365
2756
-4294
-3415
-3187
-3797
4896
4025
1881
4251
4056
-3446
-574
-3307
2371
1782
-1798
4539
-4922
-4937
-573
-4075
-4775
3619
1146
963
3328
-4303
-2657
4045
4014
1164
-2462
-4589
3678
3875
1576
-1746
2546
4498
-3061
1965
4282
4058
-288
4252
907
3476
1871
3354
1466
-1811
-3355
4357
-1617
2847
-1690
-1543
-737
-3884
2617
34
3401
-3579
-662
-3255
-2490
4207
3571
2673
-3393
3936
-22
4825
1802
-3185
-670
-1860
-1287
4746
461
2980
2245
-321
-545
-2003
1118
3507
-3196
-4696
-2237
-1756
1707
-761
3893
-3898
652
4434
4425
-4555
-1790
-2951
-863
-3130
2620
-2133
-1883
1700
-558
-2966
-1558
3694
-2978
2862
2370
-3608
1560
1491
-2391
3164
1775
2465
-4260
4517
-896
-3865
1429
-630
4439
-2031
-1231
-2532
1343
2111
-4679
-1857
2135
2724
-872
2691
-4103
17
-2737
1767
2050
-1335
-1021
-55
-4414
-752
-637
496
-2515
1342
1812
4315
4497
-3353
-3112
4868
3221
-1190
2090
2214
-3164
1642
375
1140
-2188
1609
2820
3251
3405
-3934
393
2351
-3653
3218
4478
-3480
2350
715
3094
773
3206
1189
781
-2652
-4461
4109
2464
2531
852
4668
3210
1780
4043
-1766
4951
3323
-705
-2807
-1043
-4833
-1969
-1483
4986
4721
-1078
1533
-622
4023
-1083
2046
-3374
2110
-2935
905
1849
-1238
-2087
-1252
4027
1041
-2751
-4213
551
4711
-1853
875
3634
2155
-2770
4198
-4058
-3201
-1939
-1741
-4521
-4454
-3529
213
3825
-1504
2007
2233
3360
-1450
-2059
-3300
866
2217
4103
-3539
2557
-4004
4675
-995
-856
1946
-113
2520
-706
-2570
-3636
3047
-1880
-512
1233
3426
-2146
-3943
-2112
-3197
421
-3520
3746
2256
-4140
1969
-4527
1653
1868
4287
-1673
-1150
-700
-2808
-30
-3482
-1545
3064
4090
-4970
127
1663
4080
3750
1925
-3988
357
1352
-11
1668
-4230
-494
-640
-1919
3651
-4798
-1379
897
-1694
3090
-4825
1876
-575
-37
3901
-1716
-2569
4495
4345
4316
3451
3541
1980
1565
3075
2316
-2584
4732
4342
4295
3658
2038
4610
-3052
641
2479
29
-2702
1687
-2214
1651
3833
-2064
-1871
-3806
4096
4086
-2769
-1845
-2602
3839
2952
-1301
867
1469
-2824
-2176
-862
-4652
-4905
-1398
-3682
-2308
-1304
-4998
3660
3816
-2815
2178
-1432
2093
1264
-1934
4807
-2357
4206
3060
-954
-4171
1662
2732
-2981
-4508
2078
1160
4049
3132
752
4653
2180
-1205
3398
138
-4354
-1274
-990
-4146
-3973
-318
-4336
4229
-2715
-3188
2834
4954
-525
3531
4669
2760
904
-757
856
4836
332
231
2231
-3243
-1409
-1340
2693
1949
2765
3329
-85
-1974
1680
2276
-3118
-87
898
3517
3873
2136
3385
-2961
2198
2257
-4142
-3484
-945
2882
960
609
-1900
3482
-1065
2177
2490
3980
-3716
1456
-866
-3217
-1435
497
-4291
-1289
-879
4575
-1442
161
1411
3295
-4378
-567
-1189
-1943
3522
-2891
264
-1573
-3477
-4434
-2283
349
2967
3492
1417
-1040
3999
2033
-3322
2236
-439
494
-3728
-2907
-2201
1179
202
-3559
2181
2492
-4024
3302
-4356
-1411
-1633
-1596
3134
2138
-13
-1272
-4931
10
2956
-4436
2762
-466
316
2150
2047
4705
1929
-388
3422
-2724
-3643
1244
3240
1945
2460
4177
2174
2229
4468
-24
-2408
1052
199
-1501
-1030
1861
2945
-1681
3702
-3151
-3222
-4989
1268
-2676
-1227
-646
-3074
688
-677
-2970
3994
4970
4203
-1200
-4074
-4497
-1925
4948
3781
-3097
152
-1046
1374
-4273
-529
639
-2825
3794
1221
4262
-2936
1030
1296
4077
4713
-393
-3286
-560
-810
2898
-4539
-4991
1125
-458
-1089
-814
4871
-3697
329
53
4324
255
-4123
2134
35
-4239
-735
-1316
-3218
2252
-4532
4865
-928
252
2592
2247
1816
-825
3284
2379
3215
1393
-2860
-372
4120
-3396
4450
1739
304
-2128
1577
-133
-2369
2686
-4323
957
2302
2018
-3150
3448
-1717
-2406
-3730
3840
-4403
844
3695
1360
942
1148
2899
3033
-195
-355
3452
-723
1762
-1960
-983
-1163
-1448
-1942
-2317
-2924
-4813
4414
-138
-4455
-1118
4823
-3662
1656
1289
-2773
1471
-3213
-3615
2534
4742
877
-3970
1786
-3345
-4421
3373
4987
2253
4321
-289
4116
4367
-12
4169
-3221
-4942
-1595
-1587
-2912
2716
97
3458
811
-4427
75
-139
-4918
4239
-3017
-509
-132
-2084
738
3715
-498
858
-2028
-345
-3177
-2612
-3230
-742
1259
2157
13
-4138
-3962
-2869
-815
118
-2012
-3709
4740
-2345
4459
4164
-4252
1820
-2086
-1706
2656
-1670
3475
579
2397
3290
-2577
2601
-661
-3296
1602
-4892
-21
3455
1114
-1902
1842
-1946
-3567
-4359
2642
1641
-1973
-1297
-672
2052
-137
684
3403
2286
-1293
1414
-4632
-4872
-1336
-3310
-3418
-2082
-2365
3764
-1441
-4735
-2353
-4600
-114
450
-1193
1387
-1962
-1345
4878
-4621
-4184
1095
-912
-826
-2392
3247
926
-3132
703
653
3883
-3596
2373
-215
-2349
3731
944
3212
4541
-3082
3722
-2411
4371
3275
-2632
419
-3878
-4675
-1158
1826
-1313
-1879
-3496
521
902
3022
4573
-284
4188
-3535
-4619
3667
1574
1822
-1143
-956
-2206
-3692
3615
2597
-5000
2833
-551
-3229
1028
-233
-4525
4547
-606
4647
-426
-3321
3716
434
-2621
-2366
1798
1546
-628
1185
4142
-61
-4145
-1116
2443
1866
3657
-2697
3973
-4031
1409
-3367
3153
-695
3771
1657
-1809
-2509
3867
-2754
-3516
3205
-52
4963
-3111
-697
45
-2026
4629
2333
-3630
-3172
2612
-1361
-2193
2059
-3304
731
-889
4264
745
4447
2315
-1099
2035
-2380
771
-4452
739
-1056
4770
-3105
1017
76
3201
2812
2901
4226
-2363
-1430
-4917
2805
4920
560
2026
-1138
-4494
-2870
3228
-480
-4396
4538
3367
-1397
-4480
-2039
3120
-3037
-3155
-1890
-1471
4356
577
-3518
4189
-2244
1154
3583
-2070
-4127
3705
1134
3102
-4629
-3159
-3441
433
4391
4004
1425
-4484
2856
934
4787
4838
-1010
2163
2216
-629
-4025
-1358
-4541
624
-2969
2008
-141
271
916
-4748
-3449
-3347
1274
2393
-2473
3077
2794
-3882
4385
-482
3122
4339
-600
1492
-1870
-94
-2243
-2379
-1951
4052
-2508
-871
1587
-518
4272
-2684
-4426
3843
-725
-2136
-2572
-2609
-1414
2766
-2189
-3940
-1489
3343
4931
3604
-2647
-1807
-665
4453
-3788
1410
-3958
1178
-3530
2903
3562
3363
-2405
-4644
-4661
3073
2489
2587
3552
1507
-3581
4900
3792
1238
-608
3273
3876
2314
-4650
-403
3923
-2787
4092
-3113
1600
37
783
4983
813
1421
4887
-4946
1167
-611
1633
2112
4784
-273
-3824
484
-4990
2935
-1124
1729
-3381
-3533
-1295
4586
1647
-3990
-3026
-3169
4489
-2230
3485
-813
4619
-3800
-4923
2152
2139
4695
347
-2387
-366
-2680
-2093
3932
3738
-3965
1067
3198
-2527
-2478
-1299
2367
-1174
4301
-1705
-3546
4846
-3908
-1015
-1698
3788
-3801
4123
-2007
-2033
-1709
3903
2694
4964
-2422
4134
-4995
-3294
-2175
3465
-1211
-2052
-4612
-2341
-463
1194
2021
-4299
4763
-909
486
4470
1529
2555
1267
-1989
-2672
-4331
-2120
2334
-894
-3202
4237
4999
-2518
515
2957
1056
3242
2066
1037
-1059
-3175
119
2045
3207
4147
-2432
1005
-1537
2792
-461
-2841
3913
3653
1509
-2475
4766
-197
-680
1616
4464
2530
-3041
-407
-727
1568
-1584
-1828
-891
1353
3253
-2372
1766
302
1810
-2013
-805
-4783
-3542
3387
4047
-1855
-3601
-4709
298
-2744
-1780
-835
2041
3860
2068
-3768
-1191
2955
-3665
-35
-4530
1357
3318
4946
4616
1788
3709
-1983
-2937
-3787
-1615
826
-4116
4652
3714
719
714
-2709
3271
-161
-3992
1293
83
-2557
3610
2828
370
101
3035
157
2985
-3458
-3672
1661
-2649
-2284
-4159
1048
-2772
-4258
-1166
2894
2522
706
4984
4022
-1153
-40
-4431
1054
41
-3223
-3231
-790
1405
2782
-2987
-4353
3874
2125
-2993
-3237
727
-4797
2022
-3211
3128
2594
2886
4274
-4001
-3050
615
-28
-2920
-3839
4660
-3911
3778
-3833
986
3708
2595
-3083
3445
763
2411
-2227
4107
4889
-146
896
-570
-3944
-2855
-2384
-2076
1391
1897
3616
2743
-243
4830
-3389
-828
-416
1612
2515
-3850
4083
-4287
1478
1982
-2423
230
1004
4114
-1928
4404
3280
2819
1921
3348
-3936
2462
1878
3756
1454
1640
-3996
3698
4606
-4958
-2322
-462
-3790
-3769
-2780
428
-1608
735
1562
-4154
1197
2857
3668
-925
3208
1772
-457
-4392
1758
-2009
2466
-3597
2194
-3732
1999
667
-2571
2324
-3819
-1415
4416
4350
-4890
4997
3025
3795
-3856
4328
-4164
-2282
1785
-2996
3827
596
-4816
-3947
4840
-1119
-2911
3008
-453
2027
-142
348
-3620
2821
-4479
-4126
2905
-4575
425
-2474
2495
1993
2696
-474
679
3733
-363
-1827
2089
2699
365
4260
829
-2729
-4117
-4738
3928
4413
-4789
-377
98
4998
2118
-3085
3585
2727
4722
-4023
-41
3861
-2851
1554
607
-799
-2263
-1927
-3767
-2642
1738
4890
2364
-2495
263
-4182
-1210
-3103
868
87
-4849
-7
-2848
3823
485
-449
800
-1982
-3657
947
-1842
2823
3543
-833
-3379
-1273
-3742
3383
3682
806
1985
545
4320
-1122
1234
2568
1846
-1283
4347
420
2305
2953
-4306
-2500
-2917
-3137
3150
4441
-2885
3146
-3444
2944
-2982
-1086
-3077
-3948
-2503
-3009
-2590
1138
-3319
951
3340
4599
-2456
-4691
-2568
3312
-3301
-1692
-1049
-2290
2353
2771
2183
2573
-4491
-3373
1279
-1892
3249
3830
-485
-314
-1758
-774
-547
-1438
-2531
-944
-3858
2544
-4302
276
3005
-4233
-3386
-3583
4440
-2529
772
-1387
2739
-370
3975
1472
2883
3478
1029
-3829
3721
3806
-1140
547
-2090
-3433
-387
1183
301
229
4702
-3067
4249
-479
1218
1294
-1747
4736
134
4834
3346
1527
-1137
-4362
